   0.00000
   2.31410
   2.99509
   3.99609
   5.33408
   6.83214
   8.26156
   9.58801
  10.79978
  11.61538
  11.00564
  10.13969
   9.46132
   9.01803
   8.65692
   8.31341
   8.00166
   7.71663
   7.43385
   7.13637
   6.85246
   6.57613
   6.27481
   5.94668
   5.62100
   5.33045
   5.04978
   4.76111
   4.47589
   4.21250
   3.95736
   3.70302
   3.45165
   3.21192
   2.97496
   2.73617
   2.50725
   2.29113
   2.08301
   1.87357
   1.66010
   1.45515
   1.26992
   1.08032
   0.89885
   0.72412
   0.55031
   0.37444
   0.21633
   0.06683
  -0.08566
  -0.23073
  -0.36721
  -0.50456
  -0.63816
  -0.76650
  -0.89311
  -1.01585
  -1.13277
  -1.24947
  -1.36213
  -1.47100
  -1.57492
  -1.68003
  -1.76986
  -1.85334
  -1.94514
  -2.03204
  -2.11480
  -2.19539
  -2.26971
  -2.34041
  -2.40131
  -2.46540
  -2.52773
  -2.58534
  -2.63162
  -2.68561
  -2.73454
  -2.78195
  -2.82788
  -2.86801
  -2.90772
  -2.95154
  -2.98605
  -3.01747
  -3.05281
  -3.08838
  -3.11569
  -3.13608
  -3.15372
  -3.17229
  -3.19524
  -3.21891
  -3.23609
  -3.24460
  -3.25453
  -3.25889
  -3.26667
  -3.27135
  -3.27725
  -3.28354
  -3.29167
  -3.28631
  -3.28954
  -3.29728
  -3.29482
  -3.28759
  -3.28075
  -3.27408
  -3.26433
  -3.25402
  -3.24659
  -3.23845
  -3.22287
  -3.20800
  -3.19405
  -3.18989
  -3.17433
  -3.15940
  -3.14439
  -3.12774
  -3.11408
  -3.09906
  -3.08349
  -3.06694
  -3.04521
  -3.02432
  -3.00796
  -2.98788
  -2.96213
  -2.93856
  -2.90737
  -2.88076
  -2.86362
  -2.84017
  -2.81561
  -2.79361
  -2.76459
  -2.72954
  -2.69887
  -2.67710
  -2.64724
  -2.61289
  -2.58566
  -2.56588
  -2.54488
  -2.51237
  -2.47608
  -2.44535
  -2.41567
  -2.38626
  -2.35404
  -2.32638
  -2.30720
  -2.28358
  -2.25125
  -2.22347
  -2.19654
  -2.16844
  -2.14008
  -2.10275
  -2.06794
  -2.03967
  -2.01133
  -1.98767
  -1.96489
  -1.93907
  -1.90481
  -1.87955
  -1.84230
  -1.80268
  -1.77703
  -1.75539
  -1.72579
  -1.69850
  -1.66377
  -1.62764
  -1.59402
  -1.56414
  -1.53165
  -1.50375
  -1.48245
  -1.46821
  -1.44173
  -1.41127
  -1.38278
  -1.35813
  -1.31806
  -1.28936
  -1.26109
  -1.23962
  -1.22502
  -1.20501
  -1.17176
  -1.14054
  -1.11156
  -1.08780
  -1.06050
  -1.03048
  -1.00427
  -0.98047
  -0.95342
  -0.92984
  -0.91364
  -0.88679
  -0.86133
  -0.83575
  -0.80404
  -0.78022
  -0.76251
  -0.73563
  -0.71281
  -0.69233
  -0.66843
  -0.64645
  -0.62273
  -0.59913
  -0.57623
  -0.55786
  -0.53938
  -0.51810
  -0.50271
  -0.48279
  -0.45930
  -0.44200
  -0.41505
  -0.38728
  -0.36742
  -0.35147
  -0.33174
  -0.30414
  -0.27761
  -0.25939
  -0.24824
  -0.23342
  -0.22034
  -0.20406
  -0.18830
  -0.16767
  -0.14961
  -0.13401
  -0.11684
  -0.09554
  -0.07804
  -0.06168
  -0.05265
  -0.03940
  -0.02008
  -0.00149
   0.01250
   0.03527
   0.04955
   0.06006
   0.06802
   0.07503
   0.08570
   0.10932
   0.11911
   0.13244
   0.15199
   0.16726
   0.18149
   0.19457
   0.21598
   0.22263
   0.22778
   0.23698
   0.24822
   0.25822
   0.27501
   0.28508
   0.29309
   0.30665
   0.32729
   0.34483
   0.35793
   0.36826
   0.37478
   0.38032
   0.38353
   0.38948
   0.39769
   0.40856
   0.41196
   0.41836
   0.43051
   0.43684
   0.44842
   0.45871
   0.46840
   0.47876
   0.48760
   0.48174
   0.49133
   0.50626
   0.51369
   0.52972
   0.54040
   0.54672
   0.55069
   0.55018
   0.55768
   0.56200
   0.56717
   0.56722
   0.57455
   0.58302
   0.59332
   0.60631
   0.60997
   0.60902
   0.60460
   0.60099
   0.60567
   0.60861
   0.61481
   0.62366
   0.62690
   0.62807
   0.63505
   0.63944
   0.64567
   0.64379
   0.64722
   0.64290
   0.64846
   0.65939
   0.66137
   0.66446
   0.66752
   0.66664
   0.66527
   0.66003
   0.66320
   0.66696
   0.67563
   0.68534
   0.69164
   0.69511
   0.69639
   0.68297
   0.68160
   0.69446
   0.70714
   0.70373
   0.70217
   0.69228
   0.69648
   0.69628
   0.69864
   0.69943
   0.69825
   0.70235
   0.70568
   0.70441
   0.70658
   0.70065
   0.70261
   0.69891
   0.69102
   0.69562
   0.69783
   0.69870
   0.69527
   0.69478
   0.70276
   0.71117
   0.70838
   0.70572
   0.70241
   0.70357
   0.70274
   0.70445
   0.70765
   0.71673
   0.71427
   0.71580
   0.71050
   0.70071
   0.70204
   0.69730
   0.69754
   0.69709
   0.70210
   0.69891
   0.69177
   0.67922
   0.67725
   0.67119
   0.67079
   0.66586
   0.67170
   0.67852
   0.68018
   0.67975
   0.67502
   0.67370
   0.67084
   0.66527
   0.66016
   0.65866
   0.66522
   0.66112
   0.66266
   0.66021
   0.66249
   0.65932
   0.65450
   0.64433
   0.63659
   0.63721
   0.63896
   0.63700
   0.62460
   0.62014
   0.61347
   0.61212
   0.61118
   0.60998
   0.61006
   0.60702
   0.60073
   0.59648
   0.59493
   0.59571
   0.59590
   0.59530
   0.59303
   0.59086
   0.57722
   0.57412
   0.57109
   0.56669
   0.57042
   0.57235
   0.56985
   0.56322
   0.56055
   0.55703
   0.55462
   0.56089
   0.55136
   0.53938
   0.52597
   0.52530
   0.51931
   0.51679
   0.51626
   0.52654
   0.53166
   0.53338
   0.52953
   0.51577
   0.51167
   0.50933
   0.50624
   0.50180
   0.49503
   0.49370
   0.49152
   0.48639
   0.49243
   0.48913
   0.48152
   0.47329
   0.46621
   0.46817
   0.46513
   0.46728
   0.47023
   0.45949
   0.45697
   0.45477
   0.45327
   0.45511
   0.45815
   0.45631
   0.45274
   0.44038
   0.42456
   0.42043
   0.42419
   0.42310
   0.41957
   0.42257
   0.42460
   0.41818
   0.41108
   0.40764
   0.40865
   0.40853
   0.40573
   0.40157
   0.39856
   0.40164
   0.39564
   0.39632
   0.39696
   0.39330
   0.38955
   0.38996
   0.38418
   0.37633
   0.37022
   0.36177
   0.35787
   0.35743
   0.35855
   0.35697
   0.34841
   0.34105
   0.33792
   0.33166
   0.32473
   0.32616
   0.33614
   0.34507
   0.34551
   0.33896
   0.32725
   0.32522
   0.32557
   0.32386
   0.31489
   0.31263
   0.31722
   0.31663
   0.31504
   0.30830
   0.29288
   0.29139
   0.28286
   0.28216
   0.29373
   0.29278
   0.29590
   0.29969
   0.29489
   0.28214
   0.27798
   0.27121
   0.27423
   0.28020
   0.28415
   0.27827
   0.27361
   0.26166
   0.25850
   0.25882
   0.25499
   0.24589
   0.24581
   0.25074
   0.25512
   0.25339
   0.24487
   0.23927
   0.23530
   0.23191
   0.23146
   0.24047
   0.23770
   0.23307
   0.23805
   0.23336
   0.22445
   0.21610
   0.21436
   0.20920
   0.20858
   0.21290
   0.20747
   0.19645
   0.19149
   0.19400
   0.19040
   0.18783
   0.18734
   0.18804
   0.18834
   0.19006
   0.18392
   0.17804
   0.17572
   0.17926
   0.17709
   0.16933
   0.16546
   0.15980
   0.15790
   0.16063
   0.16649
   0.15912
   0.15337
   0.14966
   0.15015
   0.15221
   0.14650
   0.14555
   0.14762
   0.14141
   0.13894
   0.14016
   0.14179
   0.14787
   0.15328
   0.14576
   0.13676
   0.13359
   0.13402
   0.12900
   0.12570
   0.12952
   0.12778
   0.11801
   0.11842
   0.11891
   0.11068
   0.10882
   0.10392
   0.10170
   0.10728
   0.11476
   0.10827
   0.09679
   0.08595
   0.09008
   0.09287
   0.09605
   0.09743
   0.09498
   0.09101
   0.08794
   0.09072
   0.09151
   0.08873
   0.08451
   0.08075
   0.07892
   0.07757
   0.07335
   0.07141
   0.06605
   0.06859
   0.06540
   0.06685
   0.06481
   0.06414
   0.06783
   0.06940
   0.07447
   0.07138
   0.06233
   0.05744
   0.05761
   0.06171
   0.05816
   0.05857
   0.05658
   0.05637
   0.05279
   0.05384
   0.04908
   0.05029
   0.04276
   0.03607
   0.03325
   0.02953
   0.03149
   0.03558
   0.03223
   0.03011
   0.03637
   0.04064
   0.03671
   0.03669
   0.03455
   0.03444
   0.03001
   0.01286
   0.00819
   0.00263
   0.00091
   0.00408
   0.00642
   0.01229
   0.01888
   0.02054
   0.01355
   0.00497
   0.00123
  -0.00456
  -0.00933
  -0.00478
  -0.00584
  -0.00176
   0.00194
   0.00767
   0.00773
   0.00174
   0.00308
   0.00702
   0.01141
   0.00734
  -0.00398
  -0.00746
  -0.00910
  -0.00351
   0.00191
   0.00400
   0.00087
   0.00574
   0.00323
   0.00505
   0.00888
   0.00897
   0.00123
  -0.00575
  -0.01046
  -0.00673
  -0.00604
  -0.00071
  -0.00714
  -0.01174
  -0.01005
  -0.00605
  -0.00911
  -0.01153
  -0.01779
  -0.02046
  -0.02186
  -0.02146
  -0.01293
  -0.01158
  -0.00907
  -0.00680
  -0.00779
  -0.00929
  -0.01064
  -0.01069
  -0.01186
  -0.01397
  -0.01507
  -0.01566
  -0.01812
  -0.02124
  -0.02989
  -0.03522
  -0.02467
  -0.01238
  -0.01212
  -0.01946
  -0.02115
  -0.02244
  -0.01720
  -0.02126
  -0.02337
  -0.02923
  -0.03008
  -0.02705
  -0.02306
  -0.01947
  -0.02091
  -0.02485
  -0.02575
  -0.02848
  -0.03116
  -0.04000
  -0.03789
  -0.03135
  -0.02879
  -0.02563
  -0.02885
  -0.03907
  -0.04436
  -0.04656
  -0.04414
  -0.04074
  -0.03677
  -0.03310
  -0.03180
  -0.03866
  -0.05019
  -0.05719
  -0.05423
  -0.05190
  -0.04740
  -0.04923
  -0.04749
  -0.04557
  -0.04529
  -0.04515
  -0.04979
  -0.05250
  -0.04315
  -0.04143
  -0.04195
  -0.03531
  -0.03392
  -0.03685
  -0.03804
  -0.03856
  -0.04307
  -0.04276
  -0.04546
  -0.05273
  -0.04307
  -0.03502
  -0.03766
  -0.04544
  -0.05284
  -0.04934
  -0.04937
  -0.05019
  -0.04617
  -0.03443
  -0.03201
  -0.03140
  -0.04009
  -0.04885
  -0.05392
  -0.05129
  -0.04620
  -0.04590
  -0.04517
  -0.05166
  -0.05404
  -0.04317
  -0.04065
  -0.04809
  -0.05463
  -0.05039
  -0.04288
  -0.04391
  -0.04133
  -0.03616
  -0.03119
  -0.02529
  -0.02825
  -0.03830
  -0.04598
  -0.04988
  -0.04390
  -0.04230
  -0.04279
  -0.04314
  -0.03831
  -0.03180
  -0.03542
  -0.03920
  -0.03972
  -0.04609
  -0.04326
  -0.03661
  -0.03363
  -0.03211
  -0.03724
  -0.04159
  -0.05249
  -0.04907
  -0.04430
  -0.03615
  -0.02629
  -0.03026
  -0.03558
  -0.03828
  -0.03947
  -0.04264
  -0.04244
  -0.03886
  -0.03501
  -0.03595
  -0.03220
  -0.03354
  -0.03861
  -0.03461
  -0.02827
  -0.02422
  -0.03377
  -0.03772
  -0.03881
  -0.03538
  -0.03714
  -0.04131
  -0.03961
  -0.03657
  -0.03371
  -0.03591
  -0.03512
  -0.03440
  -0.03052
  -0.02957
  -0.02957
  -0.02957
  -0.02957
  -0.02957
  -0.02957
  -0.02957
  -0.02957
  -0.02957
  -0.02957
  -0.02957
  -0.02957
  -0.02957
  -0.02957
  -0.02957
  -0.02957
  -0.02957
  -0.02957
  -0.02957
  -0.02957
  -0.02957
  -0.02957
  -0.02957
  -0.02957
  -0.02957
  -0.02957
  -0.02957
  -0.02957
  -0.02957
  -0.02957
  -0.02957
  -0.02957
  -0.02957
  -0.02957
  -0.02957
  -0.02957
  -0.02957
  -0.02957
  -0.02957
  -0.02957
  -0.02957
  -0.02957
  -0.02957
  -0.02957
  -0.02957
  -0.02957
  -0.02957
  -0.02957
  -0.02957
  -0.02957
  -0.02957
  -0.02957
  -0.02957
  -0.02957
  -0.02957
  -0.02957
  -0.02957
  -0.02957
  -0.02957
  -0.02957
  -0.02957
  -0.02957
  -0.02957
  -0.02957
  -0.02957
  -0.02957
  -0.02957
  -0.02957
  -0.02957
  -0.02957
  -0.02957
  -0.02957
  -0.02957
  -0.02957
  -0.02957
  -0.02957
  -0.02957
  -0.02957
  -0.02957
  -0.02957
  -0.02957
  -0.02957
  -0.02957
  -0.02957
  -0.02957
  -0.02957
  -0.02957
  -0.02957
  -0.02957
  -0.02957
  -0.02957
  -0.02957
  -0.02957
  -0.02957
  -0.02957
  -0.02957
  -0.02957
  -0.02957
  -0.02957
  -0.02957
  -0.02957
  -0.02957
  -0.02957
  -0.02957
  -0.02957
  -0.02957
  -0.02957
  -0.02957
  -0.02957
  -0.02957
  -0.02957
  -0.02957
  -0.02957
  -0.02957
  -0.02957
  -0.02957
  -0.02957
  -0.02957
  -0.02957
  -0.02957
  -0.02957
  -0.02957
  -0.02957
  -0.02957
  -0.02957
  -0.02957
  -0.02957
  -0.02957
  -0.02957
  -0.02957
  -0.02957
  -0.02957
