   0.09701
   0.16796
   0.17835
   0.22432
   0.37878
   0.70700
   1.25448
   2.10992
   3.27027
   4.64581
   6.15637
   7.66638
   9.08677
  10.39717
  12.05992
  13.05208
  12.37610
  10.99771
  10.14284
   9.45682
   8.81410
   8.12996
   7.45256
   6.77664
   6.13468
   5.58856
   5.12658
   4.69181
   4.27941
   3.90847
   3.57742
   3.26524
   2.95341
   2.65794
   2.38872
   2.12804
   1.86196
   1.61713
   1.39083
   1.16888
   0.94579
   0.73705
   0.53270
   0.33174
   0.15425
  -0.01130
  -0.18348
  -0.35159
  -0.51466
  -0.68166
  -0.83641
  -0.98232
  -1.11598
  -1.23489
  -1.34641
  -1.45439
  -1.55702
  -1.65421
  -1.73996
  -1.82595
  -1.91412
  -1.99468
  -2.07133
  -2.15634
  -2.22321
  -2.27493
  -2.33056
  -2.38298
  -2.41810
  -2.45634
  -2.50575
  -2.56130
  -2.60233
  -2.63070
  -2.65997
  -2.68660
  -2.70858
  -2.72554
  -2.73979
  -2.76066
  -2.77856
  -2.79511
  -2.81385
  -2.81834
  -2.81421
  -2.81599
  -2.81238
  -2.80234
  -2.80995
  -2.81575
  -2.80388
  -2.78829
  -2.78516
  -2.77457
  -2.75676
  -2.73877
  -2.72980
  -2.72460
  -2.72855
  -2.72364
  -2.70900
  -2.69408
  -2.67717
  -2.65386
  -2.63219
  -2.61419
  -2.60112
  -2.58284
  -2.55128
  -2.51725
  -2.49876
  -2.48674
  -2.46254
  -2.42418
  -2.39395
  -2.38006
  -2.37489
  -2.36051
  -2.33955
  -2.30907
  -2.27186
  -2.23760
  -2.21337
  -2.19128
  -2.15927
  -2.12105
  -2.08579
  -2.06222
  -2.03630
  -2.01100
  -1.99382
  -1.97427
  -1.94750
  -1.92896
  -1.90805
  -1.87205
  -1.84226
  -1.82240
  -1.79798
  -1.76623
  -1.74143
  -1.72343
  -1.70754
  -1.67886
  -1.63678
  -1.60194
  -1.57128
  -1.53790
  -1.50490
  -1.46944
  -1.42457
  -1.39139
  -1.37334
  -1.36593
  -1.35529
  -1.34725
  -1.33808
  -1.32464
  -1.29979
  -1.27035
  -1.24248
  -1.21643
  -1.18009
  -1.14679
  -1.12817
  -1.11606
  -1.09449
  -1.06029
  -1.02645
  -0.99745
  -0.96702
  -0.93960
  -0.92888
  -0.93176
  -0.92754
  -0.90631
  -0.88442
  -0.86741
  -0.84324
  -0.80837
  -0.77783
  -0.76045
  -0.74281
  -0.71916
  -0.70666
  -0.68682
  -0.64972
  -0.62231
  -0.61961
  -0.61702
  -0.60276
  -0.58724
  -0.58104
  -0.56556
  -0.53719
  -0.49960
  -0.46353
  -0.43472
  -0.40588
  -0.38216
  -0.37604
  -0.36863
  -0.35204
  -0.33889
  -0.33557
  -0.33574
  -0.32387
  -0.30252
  -0.27482
  -0.24436
  -0.22192
  -0.21493
  -0.20500
  -0.19085
  -0.17183
  -0.15824
  -0.14023
  -0.11834
  -0.10344
  -0.09732
  -0.09081
  -0.07953
  -0.07094
  -0.06403
  -0.05437
  -0.04282
  -0.03349
  -0.01335
   0.00443
   0.02950
   0.04447
   0.04262
   0.05159
   0.07429
   0.08160
   0.08725
   0.10328
   0.12587
   0.13479
   0.13280
   0.13947
   0.15974
   0.17764
   0.19136
   0.20144
   0.20820
   0.21138
   0.21521
   0.21171
   0.20468
   0.21312
   0.22919
   0.23593
   0.24482
   0.26318
   0.27257
   0.27634
   0.27832
   0.27731
   0.28540
   0.31244
   0.33384
   0.34118
   0.34301
   0.33335
   0.31809
   0.31879
   0.33714
   0.35753
   0.37125
   0.37895
   0.38682
   0.39055
   0.39327
   0.39638
   0.40158
   0.40596
   0.39568
   0.38109
   0.38537
   0.40061
   0.41186
   0.42421
   0.43070
   0.42628
   0.41550
   0.41524
   0.42724
   0.43675
   0.43803
   0.43976
   0.44180
   0.44398
   0.45889
   0.47720
   0.48431
   0.47651
   0.47928
   0.49028
   0.48878
   0.47253
   0.47066
   0.48396
   0.49482
   0.48920
   0.48055
   0.49599
   0.51841
   0.51953
   0.51359
   0.51547
   0.51044
   0.49778
   0.49104
   0.49208
   0.49905
   0.50418
   0.50607
   0.51066
   0.52015
   0.53198
   0.53406
   0.52689
   0.52677
   0.53534
   0.54181
   0.54887
   0.56020
   0.56869
   0.55605
   0.54242
   0.53698
   0.53482
   0.54347
   0.55345
   0.55281
   0.55670
   0.55508
   0.53697
   0.51924
   0.51756
   0.53284
   0.54473
   0.53004
   0.50843
   0.50457
   0.51043
   0.50779
   0.50325
   0.50763
   0.51550
   0.51808
   0.51860
   0.51726
   0.51731
   0.52882
   0.55018
   0.56368
   0.55547
   0.54480
   0.53604
   0.52684
   0.52425
   0.52178
   0.49627
   0.47443
   0.47487
   0.49326
   0.50454
   0.50850
   0.50790
   0.50182
   0.49830
   0.50497
   0.50017
   0.48871
   0.48276
   0.48745
   0.48895
   0.48949
   0.49422
   0.49957
   0.49764
   0.49616
   0.49327
   0.48834
   0.47189
   0.46477
   0.46426
   0.45927
   0.46039
   0.47886
   0.49214
   0.49087
   0.47229
   0.46070
   0.45666
   0.45659
   0.45036
   0.45358
   0.45606
   0.45333
   0.44881
   0.44674
   0.43319
   0.42993
   0.44214
   0.45121
   0.45446
   0.45651
   0.44641
   0.42832
   0.41599
   0.40392
   0.39745
   0.40239
   0.40256
   0.38660
   0.37532
   0.38296
   0.39413
   0.40138
   0.40688
   0.40613
   0.38860
   0.37711
   0.38307
   0.38827
   0.38058
   0.36847
   0.37332
   0.37259
   0.35928
   0.35782
   0.36725
   0.36147
   0.36127
   0.35997
   0.36060
   0.36438
   0.36578
   0.35986
   0.35685
   0.35747
   0.35813
   0.35520
   0.34256
   0.33059
   0.32619
   0.31651
   0.30787
   0.30781
   0.31165
   0.32262
   0.34207
   0.35164
   0.34330
   0.32047
   0.30922
   0.31305
   0.31885
   0.32032
   0.31547
   0.30631
   0.29852
   0.29377
   0.28899
   0.28847
   0.28800
   0.28900
   0.28888
   0.28179
   0.27550
   0.27323
   0.27656
   0.28149
   0.28675
   0.28493
   0.28159
   0.27833
   0.27375
   0.26828
   0.26489
   0.24891
   0.22648
   0.22815
   0.24009
   0.24799
   0.24542
   0.24409
   0.24518
   0.24779
   0.25171
   0.25600
   0.24894
   0.24442
   0.23784
   0.23139
   0.23016
   0.22565
   0.22471
   0.22315
   0.20853
   0.20623
   0.21638
   0.20867
   0.19642
   0.19004
   0.19458
   0.21090
   0.21489
   0.18637
   0.17222
   0.17816
   0.19172
   0.19213
   0.18053
   0.17408
   0.18890
   0.19710
   0.19035
   0.18740
   0.18573
   0.18783
   0.19287
   0.18781
   0.16818
   0.16310
   0.16845
   0.17515
   0.16870
   0.16374
   0.16460
   0.15751
   0.14849
   0.14996
   0.15705
   0.17071
   0.18036
   0.17513
   0.16077
   0.15269
   0.15935
   0.16258
   0.14416
   0.12806
   0.12243
   0.11107
   0.09933
   0.10337
   0.10544
   0.09743
   0.09153
   0.10126
   0.12141
   0.13547
   0.13959
   0.14322
   0.13236
   0.11464
   0.10932
   0.10390
   0.09670
   0.09954
   0.09873
   0.09004
   0.08670
   0.08823
   0.09325
   0.09399
   0.09233
   0.09704
   0.10532
   0.10535
   0.10229
   0.09910
   0.08840
   0.07554
   0.07714
   0.08179
   0.07414
   0.06242
   0.05453
   0.06603
   0.09284
   0.10195
   0.09119
   0.08105
   0.07772
   0.07397
   0.06787
   0.06249
   0.06374
   0.05987
   0.05075
   0.04524
   0.05177
   0.05667
   0.05696
   0.05472
   0.05202
   0.05074
   0.04996
   0.04777
   0.04787
   0.05576
   0.06721
   0.06692
   0.06109
   0.06801
   0.06877
   0.05648
   0.04838
   0.04688
   0.04790
   0.04196
   0.03519
   0.03382
   0.03463
   0.04238
   0.04840
   0.04981
   0.05537
   0.05412
   0.03437
   0.01890
   0.01653
   0.02225
   0.03157
   0.02856
   0.01161
   0.00955
   0.02627
   0.03505
   0.04058
   0.04203
   0.04649
   0.04475
   0.03761
   0.03253
   0.03668
   0.03788
   0.03267
   0.02451
   0.01736
   0.00655
   0.00733
   0.02126
   0.02758
   0.02840
   0.03753
   0.04435
   0.03315
   0.02322
   0.01828
   0.00296
  -0.01043
   0.00024
   0.01593
   0.01933
   0.01217
   0.01018
   0.01679
   0.01557
   0.00273
  -0.00690
  -0.00145
  -0.00220
  -0.00603
  -0.00024
   0.00400
  -0.00682
  -0.00984
   0.00032
   0.01122
   0.01277
   0.00956
   0.00672
   0.00582
   0.00221
  -0.01331
  -0.02951
  -0.03290
  -0.02852
  -0.02309
  -0.01886
  -0.01941
  -0.01996
  -0.01758
  -0.01680
  -0.01395
  -0.00256
   0.00379
  -0.00796
  -0.01387
  -0.00602
   0.00587
   0.01719
   0.01069
  -0.00476
  -0.01003
  -0.01089
  -0.02320
  -0.03988
  -0.05186
  -0.04665
  -0.03590
  -0.02829
  -0.03754
  -0.04096
  -0.02496
  -0.01629
  -0.02371
  -0.02041
  -0.01105
  -0.00887
  -0.01286
  -0.01906
  -0.01989
  -0.01077
  -0.00557
  -0.01076
  -0.01564
  -0.01439
  -0.01061
  -0.01357
  -0.02068
  -0.03267
  -0.03976
  -0.03963
  -0.03746
  -0.03947
  -0.03765
  -0.03385
  -0.02389
  -0.02289
  -0.03043
  -0.02861
  -0.01882
  -0.00990
  -0.00113
  -0.00343
  -0.00629
   0.00039
   0.00357
  -0.00067
  -0.00006
   0.00100
  -0.00397
  -0.00534
   0.00017
  -0.00461
  -0.01035
  -0.00961
  -0.01012
  -0.01369
  -0.01769
  -0.03365
  -0.04197
  -0.04235
  -0.04462
  -0.04408
  -0.04254
  -0.04739
  -0.04924
  -0.04738
  -0.04951
  -0.04753
  -0.04717
  -0.04930
  -0.04671
  -0.04468
  -0.05041
  -0.05232
  -0.04118
  -0.03346
  -0.04476
  -0.04434
  -0.02263
  -0.02025
  -0.03127
  -0.02701
  -0.01559
  -0.00911
  -0.01574
  -0.02296
  -0.02115
  -0.01228
  -0.00888
  -0.01038
  -0.01386
  -0.01952
  -0.02881
  -0.02961
  -0.02450
  -0.01220
  -0.01286
  -0.02136
  -0.03012
  -0.03817
  -0.04644
  -0.03153
  -0.01985
  -0.02730
  -0.04531
  -0.04189
  -0.02612
  -0.01352
  -0.01060
  -0.00948
  -0.01114
  -0.01340
  -0.01242
  -0.01674
  -0.02486
  -0.03030
  -0.02365
  -0.00727
  -0.00425
  -0.01570
  -0.02192
  -0.02062
  -0.02578
  -0.02741
  -0.02458
  -0.02110
  -0.02696
  -0.02943
  -0.03104
  -0.03592
  -0.04871
  -0.06151
  -0.06074
  -0.03627
  -0.01430
  -0.01413
  -0.02059
  -0.02392
  -0.02564
  -0.02201
  -0.01784
  -0.01430
  -0.00761
  -0.00898
  -0.02318
  -0.02870
  -0.01956
  -0.00402
   0.00414
   0.00499
  -0.00259
  -0.01676
  -0.02551
  -0.02192
  -0.02154
  -0.02219
  -0.01653
  -0.01224
  -0.01122
  -0.01259
  -0.01610
  -0.02577
  -0.03017
  -0.02123
  -0.02001
  -0.03738
  -0.04134
  -0.02844
  -0.01789
  -0.02002
  -0.01935
  -0.01236
  -0.00046
   0.00567
   0.00357
  -0.00168
  -0.00676
  -0.01013
  -0.01793
  -0.02135
  -0.01940
  -0.02429
  -0.03318
  -0.02598
  -0.01773
  -0.02488
  -0.03673
  -0.02986
  -0.01571
  -0.01879
  -0.02597
  -0.03003
  -0.03727
  -0.03883
  -0.04111
  -0.04951
  -0.04612
  -0.03458
  -0.03901
  -0.04631
  -0.03762
  -0.03614
  -0.03648
  -0.04172
  -0.05199
  -0.05972
  -0.05552
  -0.05089
  -0.03656
  -0.02857
  -0.02559
  -0.03042
  -0.03630
  -0.02791
  -0.02240
  -0.02521
  -0.02173
  -0.01018
  -0.00714
  -0.00993
  -0.01431
  -0.00937
  -0.00589
  -0.01327
  -0.02329
  -0.02455
  -0.02414
  -0.02057
  -0.01052
  -0.01105
  -0.01943
  -0.02417
  -0.02335
  -0.02022
  -0.01465
  -0.01437
  -0.01262
  -0.00860
  -0.00406
  -0.01040
  -0.01544
  -0.00596
  -0.00522
  -0.01461
  -0.01251
  -0.00118
   0.01723
   0.03649
   0.03231
   0.01781
   0.01983
   0.02458
   0.01776
   0.00998
   0.00943
   0.01258
   0.01113
   0.01570
   0.02804
   0.03806
   0.03594
   0.03664
   0.02244
   0.01056
   0.01447
   0.02753
   0.02828
   0.03603
   0.04965
   0.05082
   0.03844
   0.03487
   0.03062
   0.02279
   0.02565
   0.03515
   0.03099
   0.01891
   0.01466
   0.02102
   0.02651
   0.03252
   0.03463
   0.04019
   0.04932
   0.05650
   0.06253
   0.07711
   0.08815
   0.08228
   0.06789
   0.06270
   0.06587
   0.07789
   0.09564
   0.10768
   0.09477
   0.08608
   0.08995
   0.08154
   0.07117
   0.07638
   0.08218
   0.08716
   0.08520
   0.07905
   0.08484
   0.10003
   0.11231
   0.11545
   0.10990
   0.09573
   0.08665
   0.10627
   0.12744
   0.12108
   0.11924
   0.14575
   0.16598
   0.16287
   0.16117
   0.15887
   0.15921
   0.09753
