   0.12597
   0.10970
   0.09363
   0.14728
   0.25990
   0.46319
   0.90321
   1.61047
   2.59623
   3.77590
   5.14043
   6.54878
   7.92131
   9.58667
  11.40002
  12.33993
  11.74782
  10.30243
   9.11424
   8.37680
   7.69735
   7.03765
   6.42079
   5.79478
   5.22896
   4.76122
   4.38713
   4.05909
   3.75405
   3.47248
   3.21292
   2.96850
   2.72673
   2.48472
   2.23908
   2.00009
   1.77550
   1.56432
   1.35142
   1.13033
   0.91759
   0.72568
   0.54586
   0.37322
   0.19797
   0.02640
  -0.12696
  -0.27089
  -0.41060
  -0.54694
  -0.67246
  -0.78617
  -0.88790
  -0.98665
  -1.09384
  -1.20869
  -1.30923
  -1.38060
  -1.44218
  -1.50707
  -1.58689
  -1.68316
  -1.77384
  -1.84214
  -1.89794
  -1.94047
  -1.97802
  -2.01879
  -2.05523
  -2.09059
  -2.13113
  -2.17904
  -2.21072
  -2.22333
  -2.24944
  -2.29700
  -2.33198
  -2.35032
  -2.36922
  -2.38418
  -2.40406
  -2.42136
  -2.42660
  -2.42207
  -2.42247
  -2.43269
  -2.43648
  -2.43186
  -2.43330
  -2.43475
  -2.42159
  -2.40880
  -2.40366
  -2.40155
  -2.39891
  -2.40211
  -2.40621
  -2.39085
  -2.37637
  -2.38242
  -2.39694
  -2.38714
  -2.35469
  -2.33027
  -2.31993
  -2.30670
  -2.28950
  -2.27662
  -2.26833
  -2.25695
  -2.24413
  -2.23803
  -2.21835
  -2.18549
  -2.15405
  -2.13004
  -2.10950
  -2.08727
  -2.06023
  -2.02277
  -1.98614
  -1.96314
  -1.95157
  -1.93980
  -1.92858
  -1.91069
  -1.87782
  -1.83985
  -1.80804
  -1.78285
  -1.76759
  -1.76070
  -1.73660
  -1.69351
  -1.65346
  -1.63748
  -1.63114
  -1.60829
  -1.58136
  -1.54678
  -1.51142
  -1.47740
  -1.45209
  -1.43988
  -1.43282
  -1.41946
  -1.39030
  -1.36186
  -1.35410
  -1.35058
  -1.32842
  -1.29886
  -1.27265
  -1.24497
  -1.21401
  -1.19221
  -1.17376
  -1.15031
  -1.12497
  -1.11751
  -1.11389
  -1.10931
  -1.09905
  -1.07563
  -1.03004
  -0.99012
  -0.97974
  -0.98009
  -0.95452
  -0.90894
  -0.88772
  -0.88910
  -0.88299
  -0.85589
  -0.82831
  -0.81646
  -0.81256
  -0.81431
  -0.81073
  -0.79262
  -0.76546
  -0.74334
  -0.72743
  -0.70846
  -0.69304
  -0.67583
  -0.65315
  -0.63229
  -0.61473
  -0.59515
  -0.57809
  -0.55496
  -0.53610
  -0.51991
  -0.50619
  -0.48813
  -0.45829
  -0.43739
  -0.42578
  -0.40829
  -0.39140
  -0.38506
  -0.39042
  -0.39636
  -0.37922
  -0.35572
  -0.34027
  -0.33430
  -0.34036
  -0.34054
  -0.31978
  -0.27398
  -0.23401
  -0.22671
  -0.22734
  -0.21328
  -0.19453
  -0.17779
  -0.16210
  -0.15269
  -0.14095
  -0.12440
  -0.11065
  -0.10661
  -0.10208
  -0.08696
  -0.07464
  -0.06589
  -0.05032
  -0.03302
  -0.02796
  -0.03920
  -0.05259
  -0.05580
  -0.04263
  -0.02544
   0.00221
   0.03271
   0.05771
   0.07071
   0.06864
   0.07032
   0.07342
   0.07979
   0.08506
   0.08709
   0.09268
   0.10630
   0.10989
   0.12085
   0.12893
   0.12641
   0.12264
   0.12231
   0.13455
   0.14684
   0.14538
   0.14200
   0.14533
   0.15408
   0.16440
   0.18081
   0.20542
   0.22075
   0.22463
   0.23779
   0.26052
   0.26959
   0.25697
   0.24014
   0.23551
   0.24820
   0.26251
   0.26106
   0.25463
   0.25153
   0.26089
   0.27186
   0.27792
   0.26544
   0.25396
   0.26833
   0.30684
   0.32128
   0.30620
   0.30137
   0.31806
   0.33453
   0.33792
   0.34182
   0.34234
   0.33498
   0.32489
   0.32134
   0.32183
   0.33465
   0.35640
   0.37386
   0.37488
   0.37286
   0.37179
   0.36476
   0.35377
   0.34356
   0.33904
   0.35499
   0.38034
   0.38560
   0.37078
   0.35777
   0.36839
   0.37798
   0.37251
   0.36626
   0.36734
   0.37381
   0.37996
   0.37917
   0.37420
   0.37367
   0.37858
   0.38607
   0.38562
   0.37598
   0.36579
   0.36292
   0.36884
   0.38134
   0.39784
   0.41123
   0.41376
   0.40965
   0.39974
   0.39391
   0.38897
   0.38753
   0.39280
   0.39603
   0.39304
   0.38396
   0.37911
   0.37636
   0.37253
   0.36693
   0.37301
   0.37858
   0.38405
   0.38983
   0.40039
   0.40399
   0.38546
   0.36759
   0.36675
   0.37875
   0.39103
   0.39757
   0.40049
   0.40815
   0.41377
   0.40295
   0.37747
   0.36156
   0.37239
   0.38268
   0.37913
   0.37338
   0.36169
   0.35563
   0.36413
   0.37948
   0.38207
   0.37377
   0.37153
   0.37618
   0.37167
   0.36033
   0.35551
   0.35443
   0.34904
   0.34019
   0.34506
   0.35771
   0.36425
   0.36064
   0.36227
   0.36871
   0.37433
   0.36717
   0.35043
   0.34573
   0.35474
   0.35616
   0.33818
   0.32342
   0.32378
   0.32655
   0.32867
   0.34951
   0.36150
   0.34796
   0.32548
   0.31108
   0.30914
   0.30330
   0.29383
   0.29000
   0.29120
   0.29360
   0.28956
   0.28898
   0.29227
   0.29149
   0.28708
   0.29585
   0.30449
   0.30613
   0.30764
   0.31164
   0.30465
   0.29247
   0.30815
   0.32820
   0.32321
   0.29253
   0.26954
   0.27110
   0.28187
   0.27442
   0.25201
   0.23917
   0.24678
   0.26064
   0.26334
   0.26291
   0.25977
   0.24950
   0.24852
   0.25918
   0.25989
   0.25828
   0.25718
   0.25336
   0.24922
   0.25825
   0.27736
   0.27858
   0.25829
   0.24299
   0.24029
   0.23306
   0.22269
   0.21243
   0.22140
   0.23496
   0.23949
   0.22030
   0.20805
   0.21643
   0.22363
   0.22128
   0.21153
   0.20749
   0.19731
   0.17782
   0.16406
   0.16662
   0.17047
   0.17969
   0.18853
   0.19213
   0.18108
   0.16871
   0.18493
   0.21090
   0.22001
   0.21411
   0.20393
   0.19392
   0.19213
   0.19860
   0.19307
   0.17331
   0.15782
   0.15374
   0.15368
   0.14941
   0.13599
   0.12615
   0.13364
   0.14399
   0.13685
   0.12153
   0.12618
   0.14662
   0.16341
   0.15963
   0.13532
   0.11693
   0.11728
   0.11486
   0.10887
   0.10917
   0.11639
   0.12469
   0.12680
   0.13266
   0.13170
   0.12924
   0.12942
   0.12244
   0.10474
   0.09630
   0.10358
   0.12318
   0.13018
   0.12764
   0.12617
   0.12404
   0.11880
   0.10244
   0.08845
   0.08512
   0.09010
   0.08692
   0.06406
   0.04756
   0.05900
   0.08421
   0.09702
   0.08675
   0.07265
   0.06294
   0.06187
   0.06109
   0.05230
   0.03536
   0.03061
   0.04127
   0.05196
   0.05391
   0.06139
   0.07189
   0.07360
   0.07191
   0.06630
   0.06160
   0.06523
   0.08131
   0.08437
   0.06295
   0.04820
   0.05540
   0.06209
   0.05439
   0.04409
   0.03842
   0.04226
   0.05208
   0.05678
   0.05054
   0.03881
   0.03056
   0.02686
   0.02651
   0.02756
   0.02139
   0.01001
   0.00612
   0.00839
   0.00245
  -0.01519
  -0.02094
  -0.00033
   0.02880
   0.03955
   0.03644
   0.03350
   0.03273
   0.02986
   0.03587
   0.03882
   0.03512
   0.03454
   0.03127
   0.01810
   0.00428
   0.00637
   0.01724
   0.01915
   0.01105
   0.01368
   0.01680
   0.00821
  -0.01371
  -0.02903
  -0.02087
  -0.01125
  -0.01400
  -0.01221
  -0.00180
   0.00068
  -0.00893
  -0.02708
  -0.03726
  -0.03501
  -0.02878
  -0.02433
  -0.02563
  -0.02720
  -0.02986
  -0.02971
  -0.02281
  -0.01502
  -0.02065
  -0.03373
  -0.03344
  -0.01583
  -0.00407
  -0.01350
  -0.03708
  -0.05588
  -0.05939
  -0.04520
  -0.02679
  -0.02068
  -0.03280
  -0.04905
  -0.06018
  -0.06452
  -0.05402
  -0.03612
  -0.02701
  -0.03131
  -0.02883
  -0.02265
  -0.03080
  -0.05086
  -0.05827
  -0.04388
  -0.02678
  -0.02038
  -0.02844
  -0.04699
  -0.06754
  -0.07192
  -0.05721
  -0.04667
  -0.05335
  -0.06591
  -0.06474
  -0.05540
  -0.05659
  -0.06262
  -0.06729
  -0.06944
  -0.07054
  -0.06283
  -0.06295
  -0.07884
  -0.08643
  -0.06590
  -0.04812
  -0.04865
  -0.05570
  -0.05109
  -0.03852
  -0.03835
  -0.03401
  -0.02901
  -0.03681
  -0.05246
  -0.05112
  -0.04484
  -0.05227
  -0.07455
  -0.07264
  -0.04805
  -0.03428
  -0.04556
  -0.07322
  -0.09621
  -0.10241
  -0.09118
  -0.08290
  -0.08143
  -0.08486
  -0.09434
  -0.10051
  -0.08210
  -0.06025
  -0.06644
  -0.08778
  -0.09433
  -0.07471
  -0.05974
  -0.06218
  -0.06570
  -0.06485
  -0.07090
  -0.07961
  -0.08761
  -0.08524
  -0.07883
  -0.07012
  -0.05806
  -0.05991
  -0.07792
  -0.09021
  -0.08819
  -0.08089
  -0.07629
  -0.07470
  -0.08068
  -0.09776
  -0.11091
  -0.10543
  -0.09193
  -0.07928
  -0.07526
  -0.08756
  -0.09925
  -0.10582
  -0.09734
  -0.07471
  -0.05367
  -0.05653
  -0.07706
  -0.09180
  -0.09622
  -0.10353
  -0.11107
  -0.10214
  -0.08621
  -0.07258
  -0.06565
  -0.06023
  -0.05662
  -0.05389
  -0.07322
  -0.10289
  -0.10625
  -0.08798
  -0.08447
  -0.09727
  -0.10057
  -0.10219
  -0.10803
  -0.10901
  -0.09660
  -0.08980
  -0.09087
  -0.08563
  -0.07364
  -0.07594
  -0.07268
  -0.05935
  -0.06644
  -0.09440
  -0.12421
  -0.13051
  -0.11307
  -0.09252
  -0.08211
  -0.08360
  -0.09771
  -0.10600
  -0.10650
  -0.10375
  -0.09602
  -0.09682
  -0.10675
  -0.11720
  -0.10919
  -0.08652
  -0.07514
  -0.08133
  -0.08533
  -0.08686
  -0.09106
  -0.09875
  -0.09448
  -0.08083
  -0.07325
  -0.07301
  -0.07746
  -0.08203
  -0.08195
  -0.08559
  -0.08755
  -0.08622
  -0.09023
  -0.08487
  -0.07571
  -0.07124
  -0.07540
  -0.08787
  -0.09839
  -0.10375
  -0.10450
  -0.10453
  -0.11284
  -0.12647
  -0.12681
  -0.12317
  -0.11667
  -0.11169
  -0.11129
  -0.10350
  -0.09464
  -0.09359
  -0.10074
  -0.10278
  -0.10872
  -0.11333
  -0.11131
  -0.09844
  -0.09683
  -0.11147
  -0.12092
  -0.11743
  -0.11122
  -0.09722
  -0.07584
  -0.06121
  -0.05426
  -0.04872
  -0.05291
  -0.06575
  -0.07406
  -0.06982
  -0.07418
  -0.09046
  -0.09830
  -0.10123
  -0.11253
  -0.11902
  -0.11790
  -0.12149
  -0.12123
  -0.11380
  -0.10051
  -0.09720
  -0.09238
  -0.08574
  -0.08776
  -0.09417
  -0.08644
  -0.08491
  -0.09701
  -0.11425
  -0.12328
  -0.12901
  -0.13534
  -0.13153
  -0.12345
  -0.12257
  -0.11528
  -0.08693
  -0.05942
  -0.04392
  -0.04609
  -0.06109
  -0.08362
  -0.09502
  -0.08638
  -0.06929
  -0.06405
  -0.07185
  -0.08128
  -0.08901
  -0.09220
  -0.09790
  -0.10626
  -0.12143
  -0.13190
  -0.12467
  -0.11961
  -0.13693
  -0.15066
  -0.13963
  -0.12990
  -0.13596
  -0.13744
  -0.12588
  -0.11601
  -0.11128
  -0.10446
  -0.10103
  -0.09725
  -0.09455
  -0.09119
  -0.08703
  -0.08403
  -0.08546
  -0.09038
  -0.08908
  -0.08398
  -0.08612
  -0.09573
  -0.09524
  -0.09230
  -0.08541
  -0.08181
  -0.08427
  -0.08402
  -0.07427
  -0.05860
  -0.04792
  -0.05564
  -0.06645
  -0.07078
  -0.07447
  -0.07012
  -0.07140
  -0.07925
  -0.09108
  -0.09944
  -0.10711
  -0.10856
  -0.10221
  -0.09073
  -0.09731
  -0.11131
  -0.11416
  -0.10912
  -0.10196
  -0.09492
  -0.08011
  -0.06261
  -0.04900
  -0.04070
  -0.02423
  -0.02425
  -0.04795
  -0.07656
  -0.08492
  -0.08049
  -0.07606
  -0.06908
  -0.04878
  -0.04302
  -0.05886
  -0.06809
  -0.06441
  -0.05650
  -0.05638
  -0.05329
  -0.04285
  -0.03526
  -0.03509
  -0.03533
  -0.04358
  -0.05192
  -0.05295
  -0.05407
  -0.05389
  -0.05187
  -0.04871
  -0.04856
  -0.04362
  -0.03180
  -0.02589
  -0.03030
  -0.02840
  -0.02388
  -0.02361
  -0.02191
  -0.02190
  -0.02910
  -0.04193
  -0.04016
  -0.03219
  -0.02781
  -0.02130
  -0.01112
  -0.00749
  -0.00441
   0.00743
   0.02719
   0.03902
   0.03917
   0.03705
   0.02367
   0.00767
  -0.00350
  -0.00586
  -0.00633
  -0.00563
   0.00021
   0.00698
   0.01081
   0.01286
   0.01594
   0.02856
   0.04341
   0.04830
   0.04081
   0.03394
   0.04338
   0.05640
   0.06606
   0.07482
   0.07774
   0.07120
   0.06686
   0.07421
   0.08761
   0.08668
   0.08295
   0.08503
   0.08145
   0.07089
   0.06077
   0.06124
   0.07035
   0.08059
   0.08867
   0.08426
   0.11401
   0.13474
   0.14990
   0.16765
   0.15176
   0.07993
