   0.00786
   0.01661
   0.03273
   0.08700
   0.29260
   0.91347
   2.35417
   4.69021
   7.29368
   9.42997
  10.92482
  11.88999
  12.49453
  12.83804
  12.85515
  12.54774
  12.08422
  11.56943
  10.99570
  10.38402
   9.73851
   9.10623
   8.51740
   7.96397
   7.43959
   6.93906
   6.46009
   6.00276
   5.57093
   5.16423
   4.77029
   4.38576
   4.02003
   3.66787
   3.32234
   2.99286
   2.67763
   2.36628
   2.06611
   1.78151
   1.50679
   1.24037
   0.98507
   0.74398
   0.51691
   0.29470
   0.07440
  -0.13552
  -0.33451
  -0.52850
  -0.71846
  -0.89972
  -1.06794
  -1.22720
  -1.38313
  -1.53382
  -1.67497
  -1.81034
  -1.94218
  -2.06814
  -2.18708
  -2.30142
  -2.41341
  -2.51940
  -2.61665
  -2.70868
  -2.79906
  -2.88373
  -2.95941
  -3.02902
  -3.09668
  -3.16208
  -3.22314
  -3.27829
  -3.33013
  -3.38029
  -3.42630
  -3.46791
  -3.50778
  -3.54504
  -3.57682
  -3.60486
  -3.63178
  -3.65675
  -3.67881
  -3.69829
  -3.71364
  -3.72459
  -3.73361
  -3.74089
  -3.74632
  -3.75116
  -3.75362
  -3.75330
  -3.75173
  -3.74958
  -3.74452
  -3.73745
  -3.73005
  -3.72303
  -3.71426
  -3.70092
  -3.68513
  -3.66840
  -3.65248
  -3.63559
  -3.61608
  -3.59443
  -3.57242
  -3.54924
  -3.52452
  -3.49989
  -3.47431
  -3.44777
  -3.42209
  -3.39668
  -3.36955
  -3.34067
  -3.31138
  -3.28245
  -3.25404
  -3.22454
  -3.19328
  -3.16122
  -3.12902
  -3.09676
  -3.06436
  -3.03229
  -2.99768
  -2.96089
  -2.92520
  -2.89230
  -2.85951
  -2.82480
  -2.78821
  -2.75137
  -2.71665
  -2.68183
  -2.64563
  -2.60858
  -2.57263
  -2.53568
  -2.49803
  -2.46161
  -2.42545
  -2.38858
  -2.35178
  -2.31799
  -2.28575
  -2.25223
  -2.21730
  -2.18188
  -2.14563
  -2.11001
  -2.07557
  -2.04117
  -2.00646
  -1.97087
  -1.93444
  -1.89887
  -1.86430
  -1.82843
  -1.79152
  -1.75434
  -1.71865
  -1.68407
  -1.65185
  -1.62205
  -1.59116
  -1.55821
  -1.52420
  -1.49092
  -1.45877
  -1.42899
  -1.39960
  -1.36815
  -1.33497
  -1.30313
  -1.27416
  -1.24432
  -1.21315
  -1.18252
  -1.15473
  -1.12679
  -1.09645
  -1.06628
  -1.03885
  -1.01272
  -0.98379
  -0.95597
  -0.93091
  -0.90301
  -0.87171
  -0.84408
  -0.81911
  -0.79171
  -0.76494
  -0.73968
  -0.71400
  -0.68809
  -0.66222
  -0.63881
  -0.61602
  -0.59112
  -0.56682
  -0.54517
  -0.52345
  -0.49987
  -0.47609
  -0.45172
  -0.42745
  -0.40582
  -0.38687
  -0.36787
  -0.34568
  -0.32191
  -0.29850
  -0.27639
  -0.25846
  -0.24257
  -0.22469
  -0.20388
  -0.18283
  -0.16372
  -0.14659
  -0.12933
  -0.11027
  -0.08940
  -0.06874
  -0.05030
  -0.03414
  -0.01888
  -0.00365
   0.01267
   0.02968
   0.04497
   0.05949
   0.07581
   0.09345
   0.11008
   0.12542
   0.13932
   0.15229
   0.16507
   0.17946
   0.19451
   0.20985
   0.22519
   0.23944
   0.25464
   0.26932
   0.28104
   0.29054
   0.30078
   0.31301
   0.32632
   0.33929
   0.34949
   0.35887
   0.36884
   0.37885
   0.38750
   0.39672
   0.40727
   0.41829
   0.42889
   0.43698
   0.44488
   0.45523
   0.46619
   0.47414
   0.48320
   0.49292
   0.50067
   0.50773
   0.51527
   0.52271
   0.53013
   0.53766
   0.54449
   0.55016
   0.55447
   0.55969
   0.56611
   0.57136
   0.57690
   0.58415
   0.59072
   0.59669
   0.60283
   0.60894
   0.61360
   0.61740
   0.62234
   0.62970
   0.63681
   0.64149
   0.64585
   0.65079
   0.65538
   0.65908
   0.66189
   0.66495
   0.66952
   0.67448
   0.67872
   0.68258
   0.68567
   0.68911
   0.69485
   0.70112
   0.70548
   0.71013
   0.71425
   0.71620
   0.71721
   0.71776
   0.71834
   0.72045
   0.72281
   0.72340
   0.72369
   0.72451
   0.72574
   0.72770
   0.73010
   0.73150
   0.73119
   0.73050
   0.73207
   0.73421
   0.73529
   0.73567
   0.73598
   0.73588
   0.73619
   0.73789
   0.73910
   0.73818
   0.73733
   0.73785
   0.73785
   0.73816
   0.73844
   0.73667
   0.73342
   0.73218
   0.73527
   0.73933
   0.73803
   0.73276
   0.73069
   0.73019
   0.72813
   0.72602
   0.72612
   0.72691
   0.72706
   0.72630
   0.72478
   0.72253
   0.72087
   0.72141
   0.72236
   0.72169
   0.71982
   0.71833
   0.71777
   0.71800
   0.71775
   0.71769
   0.71734
   0.71621
   0.71400
   0.71165
   0.70926
   0.70695
   0.70607
   0.70525
   0.70464
   0.70452
   0.70271
   0.69912
   0.69514
   0.69251
   0.69074
   0.68889
   0.68662
   0.68527
   0.68390
   0.68012
   0.67668
   0.67298
   0.66788
   0.66493
   0.66484
   0.66540
   0.66305
   0.66001
   0.65855
   0.65826
   0.65690
   0.65313
   0.64991
   0.64737
   0.64513
   0.64281
   0.63989
   0.63674
   0.63396
   0.63166
   0.62973
   0.62691
   0.62225
   0.61762
   0.61603
   0.61392
   0.61133
   0.60858
   0.60375
   0.59875
   0.59605
   0.59499
   0.59340
   0.58982
   0.58462
   0.58086
   0.57829
   0.57422
   0.57107
   0.57206
   0.57274
   0.56918
   0.56416
   0.56015
   0.55622
   0.55174
   0.54799
   0.54607
   0.54528
   0.54155
   0.53674
   0.53527
   0.53456
   0.53175
   0.52731
   0.52412
   0.52015
   0.51661
   0.51479
   0.51394
   0.51023
   0.50510
   0.50322
   0.50221
   0.49902
   0.49415
   0.48969
   0.48458
   0.47965
   0.47635
   0.47505
   0.47369
   0.47040
   0.46573
   0.46278
   0.46136
   0.45928
   0.45592
   0.45228
   0.44935
   0.44642
   0.44410
   0.44229
   0.43947
   0.43565
   0.43359
   0.43252
   0.42865
   0.42247
   0.41836
   0.41632
   0.41385
   0.41200
   0.41197
   0.41108
   0.40699
   0.40249
   0.39986
   0.39851
   0.39619
   0.39346
   0.39100
   0.38910
   0.38750
   0.38534
   0.38324
   0.38024
   0.37571
   0.37186
   0.36911
   0.36473
   0.36013
   0.35916
   0.35929
   0.35668
   0.35214
   0.34865
   0.34617
   0.34314
   0.34010
   0.33725
   0.33245
   0.32601
   0.32233
   0.32157
   0.32001
   0.31750
   0.31567
   0.31243
   0.30899
   0.30723
   0.30500
   0.30097
   0.29746
   0.29553
   0.29294
   0.28928
   0.28605
   0.28312
   0.28024
   0.27826
   0.27684
   0.27398
   0.27091
   0.26953
   0.26700
   0.26450
   0.26444
   0.26386
   0.25913
   0.25428
   0.25317
   0.25132
   0.24723
   0.24412
   0.24299
   0.24044
   0.23610
   0.23395
   0.23344
   0.23203
   0.22907
   0.22606
   0.22344
   0.22234
   0.22262
   0.22126
   0.21753
   0.21327
   0.21049
   0.20818
   0.20524
   0.20261
   0.20116
   0.19853
   0.19603
   0.19432
   0.19196
   0.18908
   0.18701
   0.18563
   0.18420
   0.18292
   0.18156
   0.18033
   0.17797
   0.17533
   0.17327
   0.17220
   0.17120
   0.16814
   0.16365
   0.16017
   0.15747
   0.15419
   0.15144
   0.14870
   0.14717
   0.14755
   0.14796
   0.14595
   0.14179
   0.13844
   0.13664
   0.13598
   0.13398
   0.13164
   0.12934
   0.12790
   0.12720
   0.12595
   0.12408
   0.12311
   0.12444
   0.12294
   0.11937
   0.11749
   0.11706
   0.11608
   0.11508
   0.11339
   0.10923
   0.10599
   0.10375
   0.10362
   0.10351
   0.10166
   0.09902
   0.09747
   0.09580
   0.09273
   0.09121
   0.09020
   0.08984
   0.08876
   0.08682
   0.08500
   0.08502
   0.08571
   0.08377
   0.08083
   0.07758
   0.07707
   0.07885
   0.07924
   0.07825
   0.07725
   0.07604
   0.07306
   0.07104
   0.06879
   0.06716
   0.06700
   0.06577
   0.06293
   0.06124
   0.06062
   0.05932
   0.05814
   0.05789
   0.05710
   0.05479
   0.05307
   0.05353
   0.05258
   0.05005
   0.04977
   0.05068
   0.05034
   0.04997
   0.04920
   0.04773
   0.04826
   0.04916
   0.04978
   0.04835
   0.04616
   0.04477
   0.04402
   0.04029
   0.03653
   0.03734
   0.03843
   0.03835
   0.03803
   0.03805
   0.03763
   0.03791
   0.03819
   0.03675
   0.03487
   0.03366
   0.03244
   0.03054
   0.02927
   0.02868
   0.02790
   0.02720
   0.02679
   0.02613
   0.02451
   0.02184
   0.02008
   0.01935
   0.01757
   0.01560
   0.01521
   0.01598
   0.01624
   0.01691
   0.01760
   0.01714
   0.01671
   0.01649
   0.01471
   0.01259
   0.01232
   0.01210
   0.01139
   0.01102
   0.01093
   0.01072
   0.00993
   0.00854
   0.00724
   0.00624
   0.00462
   0.00253
   0.00166
   0.00084
  -0.00017
  -0.00131
  -0.00241
  -0.00328
  -0.00468
  -0.00638
  -0.00655
  -0.00356
  -0.00145
  -0.00281
  -0.00724
  -0.00993
  -0.00987
  -0.00951
  -0.00993
  -0.00990
  -0.00947
  -0.01038
  -0.01218
  -0.01194
  -0.01054
  -0.01167
  -0.01325
  -0.01237
  -0.01184
  -0.01264
  -0.01256
  -0.01322
  -0.01495
  -0.01463
  -0.01113
  -0.01003
  -0.01250
  -0.01526
  -0.01562
  -0.01529
  -0.01542
  -0.01515
  -0.01323
  -0.01216
  -0.01412
  -0.01528
  -0.01392
  -0.01428
  -0.01704
  -0.01685
  -0.01494
  -0.01553
  -0.01763
  -0.01834
  -0.01851
  -0.01820
  -0.01721
  -0.01720
  -0.01854
  -0.01951
  -0.01936
  -0.01870
  -0.01903
  -0.02006
  -0.01994
  -0.01855
  -0.01793
  -0.01905
  -0.01939
  -0.01904
  -0.01836
  -0.01719
  -0.01540
  -0.01351
  -0.01311
  -0.01347
  -0.01355
  -0.01239
  -0.01222
  -0.01297
  -0.01346
  -0.01453
  -0.01544
  -0.01557
  -0.01594
  -0.01653
  -0.01617
  -0.01508
  -0.01457
  -0.01418
  -0.01256
  -0.01099
  -0.01143
  -0.01369
  -0.01372
  -0.01407
  -0.01640
  -0.02009
  -0.02310
  -0.02408
  -0.02440
  -0.02363
  -0.02267
  -0.02183
  -0.02339
  -0.02579
  -0.02605
  -0.02455
  -0.02156
  -0.01965
  -0.01895
  -0.01951
  -0.01913
  -0.01817
  -0.01838
  -0.01845
  -0.01815
  -0.01873
  -0.02064
  -0.02221
  -0.02201
  -0.02058
  -0.01848
  -0.01746
  -0.01746
  -0.01752
  -0.01702
  -0.01500
  -0.01455
  -0.01637
  -0.01855
  -0.01830
  -0.01810
  -0.01849
  -0.01802
  -0.01673
  -0.01584
  -0.01621
  -0.01602
  -0.01508
  -0.01501
  -0.01621
  -0.01674
  -0.01751
  -0.01825
  -0.01762
  -0.01798
  -0.01897
  -0.01892
  -0.01867
  -0.01914
  -0.01778
  -0.01629
  -0.01746
  -0.02003
  -0.02179
  -0.02187
  -0.02109
  -0.02098
  -0.02271
  -0.02381
  -0.02225
  -0.02060
  -0.02142
  -0.02321
  -0.02278
  -0.02124
  -0.02051
  -0.01914
  -0.01746
  -0.01833
  -0.02115
  -0.02312
  -0.02331
  -0.02177
  -0.02159
  -0.02369
  -0.02519
  -0.02535
  -0.02508
  -0.02545
  -0.02362
  -0.02462
  -0.02091
  -0.00214
   0.02818
   0.05123
   0.05871
   0.05973
   0.05955
   0.05976
   0.05837
   0.05865
   0.05952
   0.05941
   0.05795
   0.05565
   0.05455
   0.05482
   0.05313
   0.05158
   0.05146
   0.05080
   0.04819
   0.04718
   0.04813
   0.04838
   0.04825
   0.04786
   0.04629
   0.04344
   0.04250
   0.04427
   0.04709
   0.04788
   0.04488
   0.04077
   0.03884
   0.03833
   0.03706
   0.03632
   0.03687
   0.03755
   0.03644
   0.03544
   0.03590
   0.03544
   0.03295
   0.03212
   0.03353
   0.03596
   0.03867
   0.03927
   0.03766
   0.03629
   0.03569
   0.03627
   0.03794
   0.03680
   0.03329
   0.03175
   0.03262
   0.03308
   0.03142
   0.02778
   0.02549
   0.02600
   0.02831
   0.03049
   0.03134
   0.03053
   0.02961
   0.02899
   0.02938
   0.03015
   0.03009
   0.02882
   0.02736
   0.02487
   0.02180
   0.02182
   0.02403
   0.02377
   0.02164
   0.02100
   0.01964
   0.01720
   0.01719
   0.01855
   0.01842
   0.01741
   0.01644
   0.01491
   0.01163
   0.00952
   0.01149
   0.01662
   0.01960
   0.01990
   0.01863
   0.01733
   0.01709
   0.01689
   0.01620
   0.01481
   0.01411
   0.01272
   0.01078
   0.00909
   0.00926
   0.00970
   0.00902
   0.00813
   0.00814
   0.00795
   0.00637
   0.00595
   0.00720
   0.00889
   0.00813
   0.00625
   0.00595
   0.00757
   0.00534
   0.00505
   0.00708
   0.00430
