   0.10119
   0.08847
   0.09014
   0.23725
   0.62796
   1.42699
   2.70591
   4.41453
   6.29678
   8.06298
   9.47804
  10.68370
  11.54812
  11.63181
  11.04299
  10.40223
   9.92172
   9.37763
   8.78657
   8.18088
   7.61439
   7.07356
   6.57749
   6.14039
   5.73170
   5.32654
   4.94141
   4.59423
   4.26789
   3.94428
   3.62168
   3.31027
   3.01135
   2.72072
   2.43967
   2.16740
   1.90321
   1.65250
   1.41932
   1.19155
   0.96266
   0.74383
   0.53931
   0.34284
   0.14940
  -0.03727
  -0.20867
  -0.37270
  -0.53442
  -0.68683
  -0.82843
  -0.96876
  -1.10710
  -1.23877
  -1.36564
  -1.48215
  -1.59085
  -1.69668
  -1.80137
  -1.89856
  -1.99008
  -2.08377
  -2.17032
  -2.24464
  -2.31321
  -2.38370
  -2.45128
  -2.51170
  -2.56492
  -2.61287
  -2.66186
  -2.71203
  -2.76167
  -2.80428
  -2.83758
  -2.86870
  -2.90248
  -2.93164
  -2.95253
  -2.97032
  -2.98558
  -2.99522
  -2.99827
  -3.00511
  -3.01960
  -3.03411
  -3.04177
  -3.04762
  -3.05291
  -3.05523
  -3.05565
  -3.05590
  -3.05564
  -3.05396
  -3.04802
  -3.03968
  -3.02874
  -3.01762
  -3.00614
  -2.98823
  -2.96936
  -2.95490
  -2.94448
  -2.92795
  -2.90775
  -2.89107
  -2.87258
  -2.84669
  -2.81673
  -2.78997
  -2.76625
  -2.74579
  -2.72541
  -2.69803
  -2.67018
  -2.64578
  -2.62816
  -2.60721
  -2.57912
  -2.55043
  -2.52534
  -2.49972
  -2.46546
  -2.42894
  -2.39670
  -2.37012
  -2.33763
  -2.30264
  -2.27250
  -2.24831
  -2.22388
  -2.19447
  -2.16044
  -2.12221
  -2.08545
  -2.05875
  -2.03855
  -2.01611
  -1.98990
  -1.95865
  -1.92135
  -1.88584
  -1.85546
  -1.82570
  -1.79934
  -1.77247
  -1.74311
  -1.71078
  -1.67992
  -1.65392
  -1.62851
  -1.59631
  -1.56065
  -1.52854
  -1.50075
  -1.47403
  -1.44626
  -1.41809
  -1.39060
  -1.36428
  -1.33906
  -1.31169
  -1.28076
  -1.25285
  -1.22620
  -1.19650
  -1.16597
  -1.13399
  -1.10464
  -1.08053
  -1.05598
  -1.02773
  -1.00108
  -0.98010
  -0.95876
  -0.93321
  -0.90743
  -0.88822
  -0.86934
  -0.84746
  -0.82397
  -0.80066
  -0.77794
  -0.75871
  -0.73984
  -0.71433
  -0.68368
  -0.66035
  -0.64258
  -0.61969
  -0.59314
  -0.56928
  -0.55088
  -0.53366
  -0.51490
  -0.49272
  -0.46912
  -0.44652
  -0.42428
  -0.39961
  -0.37564
  -0.35735
  -0.34044
  -0.32036
  -0.30211
  -0.28743
  -0.27328
  -0.25379
  -0.23187
  -0.21426
  -0.20121
  -0.18833
  -0.17101
  -0.15677
  -0.14399
  -0.12864
  -0.11146
  -0.09184
  -0.07113
  -0.05317
  -0.04131
  -0.02899
  -0.01777
  -0.00615
   0.00688
   0.02057
   0.03608
   0.04900
   0.05913
   0.06989
   0.08229
   0.09483
   0.10695
   0.12074
   0.13340
   0.14293
   0.15005
   0.15666
   0.16262
   0.16898
   0.18411
   0.20217
   0.21491
   0.22554
   0.23680
   0.24517
   0.25500
   0.26783
   0.27809
   0.28881
   0.30023
   0.30586
   0.30417
   0.30751
   0.31719
   0.32572
   0.33102
   0.33846
   0.34941
   0.35805
   0.36558
   0.37359
   0.38158
   0.38650
   0.39033
   0.39702
   0.40775
   0.41839
   0.42435
   0.43027
   0.44027
   0.45310
   0.46043
   0.46106
   0.46244
   0.46734
   0.46915
   0.47177
   0.47969
   0.48457
   0.48681
   0.49110
   0.49752
   0.50195
   0.50624
   0.51080
   0.51601
   0.52014
   0.52400
   0.52600
   0.52813
   0.53230
   0.53579
   0.53709
   0.53875
   0.54413
   0.54855
   0.55415
   0.55997
   0.56050
   0.55867
   0.56366
   0.56991
   0.57093
   0.57187
   0.57161
   0.56879
   0.56733
   0.57032
   0.57438
   0.57696
   0.57868
   0.58304
   0.58739
   0.58825
   0.58843
   0.58850
   0.59091
   0.59672
   0.60046
   0.59537
   0.58970
   0.58598
   0.58113
   0.57574
   0.57212
   0.57266
   0.57817
   0.58423
   0.58675
   0.59031
   0.59280
   0.59032
   0.58648
   0.58516
   0.58399
   0.58312
   0.58703
   0.59229
   0.59661
   0.59809
   0.59546
   0.59212
   0.58893
   0.58725
   0.58382
   0.58006
   0.58088
   0.58192
   0.57861
   0.57872
   0.58242
   0.57884
   0.57275
   0.57186
   0.57702
   0.58480
   0.58871
   0.58522
   0.57901
   0.57448
   0.57296
   0.56818
   0.56207
   0.56241
   0.56782
   0.56654
   0.56037
   0.55259
   0.54586
   0.54510
   0.54844
   0.55155
   0.55199
   0.55060
   0.54660
   0.54545
   0.54204
   0.53726
   0.53492
   0.53544
   0.53140
   0.52401
   0.51691
   0.51661
   0.52267
   0.52981
   0.53058
   0.52605
   0.52282
   0.51897
   0.51909
   0.51993
   0.52003
   0.51598
   0.51424
   0.51418
   0.51198
   0.50867
   0.50818
   0.51146
   0.51276
   0.51029
   0.50308
   0.49450
   0.48761
   0.48616
   0.48485
   0.48018
   0.47329
   0.46951
   0.47013
   0.47194
   0.47164
   0.46806
   0.46793
   0.46771
   0.46465
   0.45864
   0.45539
   0.45340
   0.45043
   0.44235
   0.43274
   0.43034
   0.42958
   0.42653
   0.42453
   0.42874
   0.43006
   0.42650
   0.42510
   0.42575
   0.42043
   0.41274
   0.41239
   0.41579
   0.41546
   0.41034
   0.40114
   0.39301
   0.38878
   0.38636
   0.39115
   0.39496
   0.38990
   0.38458
   0.38522
   0.38616
   0.38468
   0.38203
   0.37339
   0.36433
   0.36331
   0.36172
   0.35606
   0.35260
   0.35260
   0.35091
   0.34762
   0.34535
   0.34172
   0.34080
   0.34187
   0.34809
   0.34966
   0.34142
   0.33322
   0.33211
   0.33788
   0.34192
   0.34110
   0.33467
   0.33040
   0.32872
   0.32770
   0.32447
   0.32061
   0.32209
   0.32227
   0.31755
   0.31062
   0.30665
   0.30405
   0.30074
   0.29726
   0.29280
   0.28742
   0.28394
   0.28369
   0.28296
   0.28190
   0.28284
   0.28096
   0.27860
   0.28048
   0.28070
   0.27693
   0.27589
   0.27375
   0.27131
   0.27045
   0.27069
   0.26572
   0.25910
   0.25538
   0.25581
   0.25726
   0.25827
   0.26232
   0.26442
   0.26450
   0.26221
   0.25974
   0.25967
   0.25984
   0.25148
   0.23987
   0.23738
   0.23997
   0.23769
   0.23147
   0.22549
   0.21953
   0.21427
   0.21677
   0.22255
   0.22212
   0.21460
   0.21051
   0.21192
   0.21787
   0.22541
   0.22460
   0.21783
   0.21320
   0.20978
   0.20556
   0.20142
   0.19397
   0.18600
   0.18543
   0.19107
   0.19422
   0.19481
   0.19399
   0.19065
   0.18512
   0.17982
   0.17578
   0.17351
   0.16941
   0.16390
   0.16455
   0.16916
   0.16821
   0.16289
   0.15787
   0.15105
   0.13981
   0.13330
   0.13356
   0.13409
   0.13423
   0.13591
   0.14022
   0.14550
   0.14815
   0.14298
   0.13909
   0.13867
   0.13959
   0.14151
   0.14136
   0.13523
   0.13143
   0.13528
   0.13805
   0.13015
   0.12047
   0.11699
   0.11753
   0.11578
   0.11277
   0.11464
   0.12150
   0.12555
   0.12103
   0.11660
   0.11312
   0.11081
   0.10938
   0.10928
   0.10912
   0.10993
   0.11125
   0.10898
   0.10125
   0.09548
   0.09673
   0.09800
   0.09361
   0.08970
   0.09156
   0.09339
   0.09377
   0.09476
   0.09873
   0.09796
   0.09386
   0.09338
   0.09409
   0.09586
   0.09256
   0.08451
   0.07506
   0.07412
   0.08001
   0.08331
   0.08008
   0.07810
   0.08026
   0.07669
   0.07385
   0.07304
   0.07020
   0.06798
   0.07087
   0.07008
   0.06845
   0.07146
   0.07663
   0.08144
   0.08222
   0.07850
   0.06879
   0.05720
   0.04797
   0.04770
   0.05798
   0.06837
   0.06748
   0.06160
   0.06209
   0.06324
   0.06214
   0.06509
   0.06659
   0.06047
   0.05289
   0.05011
   0.05267
   0.05287
   0.04994
   0.04704
   0.04449
   0.04310
   0.04472
   0.04768
   0.04781
   0.04735
   0.04627
   0.04386
   0.04394
   0.04544
   0.04642
   0.04851
   0.05173
   0.05059
   0.04336
   0.03576
   0.03159
   0.03306
   0.03461
   0.03499
   0.03513
   0.03029
   0.02595
   0.02871
   0.03580
   0.03854
   0.03830
   0.03815
   0.03826
   0.03553
   0.02749
   0.01973
   0.01739
   0.01983
   0.02246
   0.02380
   0.02436
   0.02635
   0.02651
   0.02585
   0.02781
   0.03004
   0.02482
   0.01646
   0.01609
   0.01947
   0.01746
   0.01041
   0.00932
   0.01401
   0.01721
   0.01482
   0.01058
   0.01283
   0.01749
   0.01903
   0.01719
   0.01511
   0.01221
   0.00759
   0.00649
   0.01021
   0.01235
   0.01027
   0.01294
   0.01850
   0.01410
   0.00874
   0.01256
   0.01879
   0.01989
   0.01825
   0.01596
   0.01324
   0.01556
   0.01631
   0.01347
   0.00944
   0.01065
   0.01386
   0.01301
   0.01018
   0.00863
   0.01012
   0.00858
   0.00393
  -0.00322
  -0.00765
  -0.00525
   0.00271
   0.00955
   0.01075
   0.00725
   0.00321
   0.00278
   0.00752
   0.01008
   0.00978
   0.01160
   0.01758
   0.02097
   0.01735
   0.01443
   0.01218
   0.01117
   0.01414
   0.01566
   0.01308
   0.01104
   0.00660
   0.00009
   0.00056
   0.00708
   0.01397
   0.01898
   0.02190
   0.01958
   0.01463
   0.01377
   0.01657
   0.01366
   0.00608
   0.00308
   0.00435
   0.00711
   0.01130
   0.01671
   0.01932
   0.01588
   0.01113
   0.01049
   0.00805
   0.00500
   0.00408
   0.00804
   0.00922
   0.00387
  -0.00481
  -0.01159
  -0.01100
  -0.00379
   0.00309
  -0.00083
  -0.00614
  -0.00772
  -0.00475
   0.00528
   0.01633
   0.01612
   0.00664
   0.00045
  -0.00118
   0.00263
   0.00457
   0.00100
  -0.00473
  -0.00575
  -0.00464
  -0.01004
  -0.01477
  -0.01348
  -0.00899
  -0.00685
  -0.00481
  -0.00625
  -0.01167
  -0.01113
  -0.00496
  -0.00041
   0.00006
   0.00131
   0.00430
   0.00675
   0.00737
   0.00617
   0.00606
   0.00809
   0.00987
   0.01000
   0.00772
   0.00350
  -0.00144
  -0.00504
  -0.00487
  -0.00041
   0.00677
   0.00747
   0.00387
   0.00338
   0.00834
   0.00970
   0.00637
   0.00381
   0.00235
   0.00300
   0.00234
   0.00093
   0.00161
   0.00310
  -0.00187
  -0.00248
   0.00194
   0.00232
   0.00301
   0.00979
   0.01469
   0.01346
   0.01133
   0.01050
   0.00726
  -0.00366
  -0.01189
  -0.00712
   0.00389
   0.00529
  -0.00318
  -0.00660
  -0.00489
  -0.00657
  -0.00870
  -0.00359
   0.00003
  -0.00300
  -0.00647
  -0.00701
  -0.00871
  -0.01229
  -0.00660
  -0.00190
  -0.00576
  -0.00899
  -0.00314
   0.00028
  -0.00059
   0.00204
   0.00553
   0.00510
   0.00022
  -0.00081
   0.00043
   0.00290
   0.00675
   0.01279
   0.01283
   0.01314
   0.01520
   0.01619
   0.02198
   0.03120
   0.03738
   0.03941
   0.04227
   0.04038
   0.03829
   0.03784
   0.04049
   0.04675
   0.04732
   0.04288
   0.04282
   0.04650
   0.04830
   0.04459
   0.04037
   0.03783
   0.03905
   0.04145
   0.04419
   0.04757
   0.04624
   0.04351
   0.04100
   0.04358
   0.04605
   0.04714
   0.05157
   0.05802
   0.06129
   0.05834
   0.05387
   0.05176
   0.05281
   0.05361
   0.05026
   0.04837
   0.04925
   0.05227
   0.05750
   0.05889
   0.05722
   0.05516
   0.05816
   0.06244
   0.06793
   0.06856
   0.06709
   0.07027
   0.07293
   0.07182
   0.06796
   0.06510
   0.06201
   0.06111
   0.06141
   0.06127
   0.05753
   0.05310
   0.05623
   0.06269
   0.06676
   0.06733
   0.06593
   0.06599
   0.06621
   0.06412
   0.06020
   0.06314
   0.06606
   0.06405
   0.06559
   0.07066
   0.07435
   0.07222
   0.07090
   0.07381
   0.08187
   0.08630
   0.08059
   0.07536
   0.07146
   0.06618
   0.05916
   0.05844
   0.06353
   0.06919
   0.07739
   0.08649
   0.09121
   0.09273
   0.09195
   0.09020
   0.08883
   0.08978
   0.08990
   0.08710
   0.08341
   0.08081
   0.08260
   0.08252
   0.07979
   0.08057
   0.08287
   0.08472
   0.08851
   0.09279
   0.08979
   0.08563
   0.08706
   0.08485
   0.07892
   0.07883
   0.08347
   0.08324
   0.08189
   0.09415
   0.08762
   0.09485
   0.09416
   0.04591
