   0.00000
   4.95393
   6.28094
   7.64350
   9.05417
  10.45888
  11.43750
  10.68281
   9.61442
   8.81408
   8.33315
   7.98122
   7.68405
   7.39949
   7.09793
   6.77238
   6.45574
   6.18009
   5.93224
   5.65804
   5.36278
   5.06317
   4.77932
   4.50201
   4.22497
   3.95024
   3.68691
   3.42253
   3.17781
   2.94910
   2.71934
   2.48489
   2.25744
   2.05217
   1.84508
   1.63228
   1.43141
   1.23847
   1.05458
   0.88115
   0.70208
   0.53364
   0.38038
   0.23461
   0.08064
  -0.05467
  -0.19310
  -0.34134
  -0.49003
  -0.62429
  -0.74917
  -0.86935
  -0.99256
  -1.10116
  -1.19609
  -1.28451
  -1.38217
  -1.49099
  -1.58317
  -1.66817
  -1.74728
  -1.83478
  -1.92462
  -2.00220
  -2.07104
  -2.13834
  -2.20463
  -2.26003
  -2.31860
  -2.37031
  -2.41330
  -2.44611
  -2.49418
  -2.54556
  -2.59087
  -2.64256
  -2.68981
  -2.72113
  -2.75013
  -2.78424
  -2.81023
  -2.84382
  -2.86302
  -2.88325
  -2.89835
  -2.91596
  -2.94078
  -2.95983
  -2.96789
  -2.97007
  -2.96365
  -2.96636
  -2.97677
  -3.00090
  -3.01940
  -3.01678
  -3.00856
  -3.01223
  -3.01610
  -3.01323
  -2.99857
  -2.99167
  -2.98749
  -2.98685
  -2.98074
  -2.96952
  -2.95177
  -2.93230
  -2.92452
  -2.91347
  -2.90493
  -2.89824
  -2.87643
  -2.84732
  -2.82051
  -2.80582
  -2.79749
  -2.78034
  -2.76256
  -2.74884
  -2.73549
  -2.71291
  -2.68667
  -2.66419
  -2.64940
  -2.62988
  -2.60522
  -2.57776
  -2.55196
  -2.53200
  -2.51238
  -2.49450
  -2.46418
  -2.42447
  -2.39565
  -2.35939
  -2.32677
  -2.31205
  -2.29043
  -2.25988
  -2.22408
  -2.20949
  -2.19646
  -2.16802
  -2.13460
  -2.10396
  -2.07473
  -2.05323
  -2.03259
  -2.01340
  -1.98747
  -1.95419
  -1.92952
  -1.90255
  -1.87247
  -1.84383
  -1.80674
  -1.77575
  -1.75050
  -1.73588
  -1.71425
  -1.67999
  -1.63799
  -1.60941
  -1.57717
  -1.55587
  -1.54475
  -1.51381
  -1.47956
  -1.45505
  -1.43109
  -1.40329
  -1.38700
  -1.36716
  -1.33908
  -1.32058
  -1.29557
  -1.26938
  -1.24531
  -1.21909
  -1.18355
  -1.14538
  -1.11735
  -1.10511
  -1.08273
  -1.05412
  -1.03031
  -1.00845
  -0.98561
  -0.96490
  -0.94191
  -0.92505
  -0.90475
  -0.87938
  -0.85642
  -0.83237
  -0.80018
  -0.77048
  -0.74116
  -0.72003
  -0.69466
  -0.66874
  -0.65349
  -0.63286
  -0.61303
  -0.59528
  -0.57324
  -0.55838
  -0.54204
  -0.52717
  -0.49795
  -0.47075
  -0.44931
  -0.43314
  -0.41524
  -0.39721
  -0.36561
  -0.33885
  -0.31321
  -0.30039
  -0.28358
  -0.27513
  -0.26376
  -0.24890
  -0.23021
  -0.20300
  -0.17849
  -0.15986
  -0.14352
  -0.12724
  -0.11402
  -0.09963
  -0.08475
  -0.06040
  -0.04845
  -0.04117
  -0.04064
  -0.03519
  -0.01495
   0.00620
   0.02451
   0.03542
   0.05031
   0.06543
   0.08584
   0.10910
   0.12390
   0.12757
   0.12846
   0.13378
   0.14477
   0.15986
   0.17194
   0.18581
   0.19653
   0.21266
   0.22876
   0.24255
   0.24119
   0.24588
   0.25751
   0.27586
   0.28617
   0.28372
   0.28255
   0.29858
   0.31451
   0.32485
   0.33415
   0.34044
   0.33965
   0.34589
   0.35294
   0.36760
   0.38052
   0.39644
   0.39744
   0.39330
   0.39691
   0.40592
   0.41201
   0.42678
   0.44468
   0.44695
   0.44710
   0.45400
   0.46314
   0.46942
   0.47128
   0.48223
   0.48350
   0.48626
   0.48988
   0.49553
   0.49967
   0.51411
   0.51849
   0.52171
   0.52450
   0.52275
   0.52493
   0.53426
   0.54583
   0.54853
   0.54369
   0.54089
   0.53254
   0.53644
   0.54774
   0.54926
   0.54655
   0.54286
   0.55214
   0.55660
   0.56332
   0.56625
   0.57208
   0.58686
   0.59640
   0.59106
   0.59454
   0.58997
   0.58365
   0.57634
   0.59090
   0.60313
   0.60840
   0.60650
   0.60499
   0.60929
   0.60292
   0.59105
   0.59632
   0.60529
   0.60225
   0.59735
   0.60681
   0.61061
   0.61042
   0.61374
   0.60525
   0.60028
   0.60249
   0.60233
   0.60192
   0.60572
   0.61901
   0.62213
   0.61480
   0.61303
   0.60840
   0.60533
   0.60824
   0.61258
   0.60909
   0.60462
   0.60169
   0.59937
   0.59877
   0.61191
   0.61426
   0.60802
   0.59504
   0.59472
   0.60083
   0.61054
   0.61139
   0.60698
   0.61234
   0.61398
   0.60869
   0.60298
   0.59082
   0.58341
   0.58790
   0.59663
   0.59250
   0.59073
   0.59005
   0.58173
   0.58230
   0.58412
   0.59479
   0.59585
   0.59899
   0.58906
   0.58283
   0.57816
   0.57615
   0.57257
   0.57444
   0.57598
   0.57441
   0.56623
   0.55216
   0.55361
   0.55298
   0.56219
   0.56290
   0.56288
   0.55526
   0.54396
   0.54295
   0.54507
   0.54081
   0.52440
   0.52694
   0.52935
   0.53397
   0.52468
   0.52226
   0.51923
   0.50578
   0.50526
   0.50668
   0.50886
   0.50602
   0.50847
   0.51011
   0.50672
   0.50282
   0.50188
   0.50830
   0.52363
   0.51678
   0.50348
   0.49921
   0.50272
   0.49164
   0.47886
   0.47510
   0.47439
   0.47356
   0.47065
   0.47108
   0.46714
   0.45913
   0.45117
   0.44641
   0.44334
   0.45378
   0.45220
   0.44613
   0.45058
   0.44385
   0.44340
   0.44300
   0.44234
   0.43859
   0.43431
   0.44062
   0.43461
   0.42556
   0.41787
   0.41132
   0.40740
   0.40336
   0.40004
   0.40559
   0.40811
   0.41507
   0.42321
   0.42051
   0.40673
   0.38694
   0.37817
   0.37984
   0.37815
   0.37839
   0.37661
   0.37075
   0.37031
   0.37595
   0.37095
   0.36687
   0.36721
   0.37152
   0.36645
   0.35764
   0.35182
   0.35392
   0.36046
   0.35241
   0.34386
   0.33933
   0.33643
   0.33266
   0.33634
   0.33090
   0.32991
   0.32761
   0.31896
   0.31605
   0.32204
   0.32310
   0.31553
   0.31092
   0.31040
   0.31304
   0.31446
   0.32330
   0.30874
   0.29164
   0.28484
   0.27907
   0.28274
   0.28992
   0.28776
   0.28464
   0.28218
   0.27852
   0.26940
   0.25456
   0.26355
   0.27499
   0.26952
   0.25821
   0.25674
   0.26056
   0.26796
   0.26263
   0.25806
   0.25256
   0.24788
   0.24073
   0.23785
   0.23111
   0.23896
   0.23479
   0.23341
   0.23060
   0.22453
   0.20771
   0.19617
   0.19513
   0.19589
   0.20274
   0.21156
   0.21712
   0.22465
   0.22325
   0.20721
   0.19165
   0.18159
   0.17565
   0.18463
   0.19449
   0.20408
   0.19655
   0.18599
   0.17839
   0.17429
   0.17201
   0.16762
   0.16273
   0.16119
   0.15816
   0.16272
   0.17293
   0.16695
   0.16487
   0.16968
   0.17566
   0.16989
   0.15857
   0.14294
   0.13139
   0.12511
   0.13403
   0.13820
   0.13708
   0.12445
   0.12260
   0.12883
   0.12442
   0.12545
   0.12982
   0.13375
   0.12922
   0.12018
   0.11928
   0.12014
   0.12494
   0.12550
   0.12038
   0.11668
   0.11624
   0.10651
   0.10950
   0.10532
   0.11184
   0.11366
   0.11753
   0.10918
   0.10215
   0.10150
   0.09436
   0.07981
   0.07110
   0.07055
   0.07587
   0.07813
   0.07286
   0.07898
   0.08216
   0.07524
   0.06766
   0.06268
   0.06685
   0.06840
   0.07085
   0.07055
   0.06617
   0.06288
   0.07649
   0.08108
   0.07709
   0.07785
   0.07037
   0.06494
   0.06043
   0.05142
   0.05066
   0.04448
   0.04323
   0.03640
   0.03919
   0.04108
   0.03858
   0.03518
   0.03561
   0.04151
   0.04792
   0.04390
   0.04518
   0.04255
   0.04460
   0.05420
   0.05222
   0.05163
   0.05263
   0.04485
   0.03172
   0.02910
   0.03293
   0.03717
   0.05384
   0.05832
   0.05460
   0.04308
   0.03826
   0.03970
   0.03987
   0.03981
   0.03837
   0.03546
   0.03841
   0.04052
   0.04316
   0.04143
   0.04644
   0.03900
   0.02807
   0.02779
   0.03372
   0.02680
   0.01238
   0.00452
   0.00632
   0.00984
   0.01884
   0.01500
   0.01891
   0.01261
   0.00451
   0.00466
   0.01460
   0.01809
   0.02230
   0.02155
   0.01668
   0.01625
   0.01594
   0.00984
   0.00423
  -0.00217
  -0.00925
  -0.01816
  -0.01887
  -0.01145
  -0.00648
   0.00357
   0.00644
   0.00362
   0.00129
   0.00416
   0.00124
  -0.01021
  -0.01674
  -0.01589
  -0.00480
  -0.00283
  -0.01210
  -0.01876
  -0.02367
  -0.02187
  -0.02414
  -0.02791
  -0.02927
  -0.02299
  -0.01974
  -0.02772
  -0.03066
  -0.02623
  -0.02255
  -0.02236
  -0.02939
  -0.03318
  -0.03837
  -0.03976
  -0.03909
  -0.03061
  -0.01938
  -0.02206
  -0.02846
  -0.02845
  -0.03684
  -0.03274
  -0.02228
  -0.02908
  -0.02882
  -0.03734
  -0.03679
  -0.03640
  -0.03421
  -0.03890
  -0.03780
  -0.04017
  -0.04749
  -0.05191
  -0.04959
  -0.03488
  -0.02843
  -0.02592
  -0.02607
  -0.02943
  -0.03554
  -0.04017
  -0.04192
  -0.04879
  -0.05025
  -0.04610
  -0.04080
  -0.03918
  -0.03731
  -0.03383
  -0.04124
  -0.03673
  -0.03766
  -0.03858
  -0.04932
  -0.05814
  -0.05011
  -0.04384
  -0.04541
  -0.04340
  -0.03701
  -0.03799
  -0.04121
  -0.04803
  -0.04152
  -0.04347
  -0.04453
  -0.05043
  -0.04921
  -0.04715
  -0.04794
  -0.04092
  -0.04477
  -0.05656
  -0.06624
  -0.06303
  -0.06876
  -0.07267
  -0.06821
  -0.06598
  -0.06745
  -0.06114
  -0.05181
  -0.04743
  -0.04823
  -0.04713
  -0.03672
  -0.03240
  -0.03221
  -0.03664
  -0.04380
  -0.05041
  -0.04705
  -0.03857
  -0.04669
  -0.05843
  -0.06162
  -0.05780
  -0.04037
  -0.03119
  -0.02891
  -0.03217
  -0.04122
  -0.04558
  -0.05228
  -0.04535
  -0.04786
  -0.04755
  -0.04063
  -0.03568
  -0.03933
  -0.04856
  -0.04433
  -0.05311
  -0.05176
  -0.03802
  -0.03201
  -0.03303
  -0.03736
  -0.03997
  -0.04101
  -0.04870
  -0.06272
  -0.05994
  -0.05398
  -0.05085
  -0.05141
  -0.05681
  -0.05885
  -0.05999
  -0.05541
  -0.05090
  -0.05677
  -0.05268
  -0.04569
  -0.04395
  -0.05211
  -0.05421
  -0.06338
  -0.06769
  -0.06926
  -0.07259
  -0.07106
  -0.05661
  -0.04496
  -0.04740
  -0.04961
  -0.04631
  -0.04750
  -0.04916
  -0.04880
  -0.05010
  -0.04614
  -0.04494
  -0.04925
  -0.04360
  -0.04799
  -0.05514
  -0.06480
  -0.07063
  -0.06666
  -0.06183
  -0.04264
  -0.04190
  -0.04781
  -0.04765
  -0.04506
  -0.04324
  -0.04293
  -0.03500
  -0.03235
  -0.03510
  -0.03014
  -0.03385
  -0.03067
  -0.03504
  -0.03421
  -0.03768
  -0.04055
  -0.03838
  -0.02452
  -0.01651
  -0.02955
  -0.03454
  -0.03835
  -0.03381
  -0.03466
  -0.02901
  -0.03172
  -0.03172
  -0.03172
  -0.03172
  -0.03172
  -0.03172
  -0.03172
  -0.03172
  -0.03172
  -0.03172
  -0.03172
  -0.03172
  -0.03172
  -0.03172
  -0.03172
  -0.03172
  -0.03172
  -0.03172
  -0.03172
  -0.03172
  -0.03172
  -0.03172
  -0.03172
  -0.03172
  -0.03172
  -0.03172
  -0.03172
  -0.03172
  -0.03172
  -0.03172
  -0.03172
  -0.03172
  -0.03172
  -0.03172
  -0.03172
  -0.03172
  -0.03172
  -0.03172
  -0.03172
  -0.03172
  -0.03172
  -0.03172
  -0.03172
  -0.03172
  -0.03172
  -0.03172
  -0.03172
  -0.03172
  -0.03172
  -0.03172
  -0.03172
  -0.03172
  -0.03172
  -0.03172
  -0.03172
  -0.03172
  -0.03172
  -0.03172
  -0.03172
  -0.03172
  -0.03172
  -0.03172
  -0.03172
  -0.03172
  -0.03172
  -0.03172
  -0.03172
  -0.03172
  -0.03172
  -0.03172
  -0.03172
  -0.03172
  -0.03172
  -0.03172
  -0.03172
  -0.03172
  -0.03172
  -0.03172
  -0.03172
  -0.03172
  -0.03172
  -0.03172
  -0.03172
  -0.03172
  -0.03172
  -0.03172
  -0.03172
  -0.03172
  -0.03172
  -0.03172
  -0.03172
  -0.03172
  -0.03172
  -0.03172
  -0.03172
  -0.03172
  -0.03172
  -0.03172
  -0.03172
  -0.03172
  -0.03172
  -0.03172
  -0.03172
  -0.03172
  -0.03172
  -0.03172
  -0.03172
  -0.03172
  -0.03172
  -0.03172
  -0.03172
  -0.03172
  -0.03172
  -0.03172
  -0.03172
  -0.03172
  -0.03172
  -0.03172
  -0.03172
  -0.03172
  -0.03172
  -0.03172
  -0.03172
  -0.03172
  -0.03172
  -0.03172
  -0.03172
  -0.03172
  -0.03172
  -0.03172
