   0.00000
   5.31697
   7.04488
   8.97646
  11.08748
  13.19839
  14.60000
  13.48919
  11.85887
  10.59237
   9.87790
   9.41236
   9.05140
   8.77053
   8.55577
   8.32994
   8.03631
   7.72266
   7.43522
   7.14100
   6.79287
   6.40225
   6.06175
   5.76555
   5.45852
   5.14212
   4.84286
   4.55555
   4.29292
   4.03050
   3.75754
   3.49842
   3.22607
   2.96019
   2.71473
   2.48090
   2.27770
   2.06712
   1.84725
   1.63469
   1.43542
   1.23863
   1.04852
   0.86687
   0.69393
   0.52928
   0.36330
   0.17908
  -0.00281
  -0.16338
  -0.31116
  -0.45424
  -0.59904
  -0.73216
  -0.85988
  -0.98807
  -1.11372
  -1.23040
  -1.35260
  -1.48921
  -1.61137
  -1.72143
  -1.81157
  -1.90371
  -1.98765
  -2.07312
  -2.16074
  -2.21356
  -2.29056
  -2.37777
  -2.46378
  -2.53704
  -2.62424
  -2.69260
  -2.74119
  -2.79312
  -2.85121
  -2.90715
  -2.95892
  -3.00370
  -3.03434
  -3.06780
  -3.12572
  -3.17551
  -3.23924
  -3.26750
  -3.28590
  -3.31972
  -3.34066
  -3.34460
  -3.36178
  -3.38733
  -3.42178
  -3.44374
  -3.45588
  -3.47122
  -3.50330
  -3.50926
  -3.48371
  -3.48485
  -3.48185
  -3.48216
  -3.47689
  -3.47585
  -3.47239
  -3.46493
  -3.45612
  -3.46590
  -3.47955
  -3.48938
  -3.50268
  -3.49697
  -3.47717
  -3.46131
  -3.43350
  -3.42057
  -3.40507
  -3.40493
  -3.39047
  -3.37705
  -3.35421
  -3.33049
  -3.30854
  -3.29037
  -3.27706
  -3.27225
  -3.23669
  -3.22031
  -3.19585
  -3.16308
  -3.13575
  -3.10886
  -3.09641
  -3.06633
  -3.03823
  -3.02052
  -3.00284
  -2.96311
  -2.93207
  -2.90876
  -2.88458
  -2.85132
  -2.82733
  -2.79551
  -2.76987
  -2.74914
  -2.73298
  -2.70706
  -2.67924
  -2.62256
  -2.57825
  -2.54224
  -2.52420
  -2.51229
  -2.51148
  -2.48826
  -2.44016
  -2.37651
  -2.33402
  -2.30747
  -2.27380
  -2.25132
  -2.21456
  -2.19317
  -2.16445
  -2.13858
  -2.11095
  -2.06501
  -2.02157
  -1.98747
  -1.98474
  -1.97128
  -1.94375
  -1.91827
  -1.89044
  -1.84800
  -1.80366
  -1.78178
  -1.74779
  -1.71811
  -1.68819
  -1.64810
  -1.60724
  -1.59082
  -1.56984
  -1.53067
  -1.50900
  -1.50250
  -1.48704
  -1.46211
  -1.42483
  -1.38680
  -1.34598
  -1.32516
  -1.31400
  -1.28528
  -1.25698
  -1.22743
  -1.18997
  -1.16169
  -1.13875
  -1.13082
  -1.10106
  -1.06824
  -1.02988
  -0.99579
  -0.97786
  -0.94941
  -0.90540
  -0.88052
  -0.87398
  -0.85009
  -0.83053
  -0.81029
  -0.77921
  -0.73730
  -0.71408
  -0.69331
  -0.67234
  -0.64919
  -0.62733
  -0.59988
  -0.57689
  -0.53979
  -0.51989
  -0.50119
  -0.49106
  -0.48089
  -0.47378
  -0.43918
  -0.39617
  -0.37174
  -0.34217
  -0.33814
  -0.32961
  -0.28645
  -0.25975
  -0.24539
  -0.22914
  -0.20347
  -0.17679
  -0.15825
  -0.13595
  -0.14435
  -0.12470
  -0.10718
  -0.09714
  -0.06297
  -0.04399
  -0.03494
  -0.02045
   0.00544
   0.01488
   0.02271
   0.02751
   0.05339
   0.08445
   0.10649
   0.13320
   0.13735
   0.16129
   0.17673
   0.18801
   0.19267
   0.19571
   0.20726
   0.23038
   0.25028
   0.27122
   0.28353
   0.28701
   0.28976
   0.31507
   0.33859
   0.33563
   0.33671
   0.33880
   0.34956
   0.35950
   0.37824
   0.40140
   0.42734
   0.45200
   0.44334
   0.44208
   0.43849
   0.44362
   0.44440
   0.44583
   0.46592
   0.49527
   0.50435
   0.52484
   0.53342
   0.52815
   0.53683
   0.55868
   0.56820
   0.57703
   0.56977
   0.56856
   0.56343
   0.55576
   0.55940
   0.56642
   0.58366
   0.59293
   0.60430
   0.62847
   0.64345
   0.64752
   0.65691
   0.65177
   0.65965
   0.66222
   0.67161
   0.65740
   0.63885
   0.65981
   0.65854
   0.67365
   0.68796
   0.68613
   0.68849
   0.69808
   0.70383
   0.71442
   0.71835
   0.72454
   0.73082
   0.72262
   0.70703
   0.69103
   0.70387
   0.71273
   0.71571
   0.72930
   0.73888
   0.73407
   0.73942
   0.73502
   0.74358
   0.75429
   0.75925
   0.76239
   0.76435
   0.75554
   0.76220
   0.77885
   0.77581
   0.77868
   0.77741
   0.76332
   0.76698
   0.77496
   0.76629
   0.75923
   0.76819
   0.76156
   0.76670
   0.76146
   0.77304
   0.78347
   0.77301
   0.77775
   0.76885
   0.75456
   0.76140
   0.76969
   0.76336
   0.74781
   0.75221
   0.75906
   0.74744
   0.74543
   0.74100
   0.75162
   0.77390
   0.78383
   0.77712
   0.77108
   0.74598
   0.72894
   0.73415
   0.74600
   0.74821
   0.75503
   0.75170
   0.74293
   0.73712
   0.75164
   0.75633
   0.75077
   0.75894
   0.77246
   0.75516
   0.73397
   0.71548
   0.70201
   0.70522
   0.72468
   0.71780
   0.71289
   0.70256
   0.72009
   0.72861
   0.73023
   0.71963
   0.72328
   0.70196
   0.69314
   0.69627
   0.69772
   0.69568
   0.68956
   0.68893
   0.69985
   0.70218
   0.68423
   0.68335
   0.68545
   0.67933
   0.66568
   0.68578
   0.68909
   0.67829
   0.66394
   0.66261
   0.65563
   0.65253
   0.65711
   0.64961
   0.66155
   0.66614
   0.67310
   0.66165
   0.64987
   0.65416
   0.64800
   0.64908
   0.65321
   0.64408
   0.63295
   0.62121
   0.63076
   0.62301
   0.61555
   0.62138
   0.62405
   0.62342
   0.62427
   0.61315
   0.62069
   0.62986
   0.62698
   0.61717
   0.58373
   0.58014
   0.59427
   0.58768
   0.57716
   0.56971
   0.56621
   0.57083
   0.56581
   0.55745
   0.54132
   0.54442
   0.54574
   0.53389
   0.53649
   0.53774
   0.53665
   0.53121
   0.52265
   0.51454
   0.50208
   0.51036
   0.50934
   0.50559
   0.50972
   0.50726
   0.48189
   0.45826
   0.46102
   0.47048
   0.48237
   0.49084
   0.49078
   0.48021
   0.46816
   0.45920
   0.45904
   0.44858
   0.45053
   0.46177
   0.45014
   0.45259
   0.45200
   0.45162
   0.45809
   0.45202
   0.43181
   0.42307
   0.43629
   0.44132
   0.42640
   0.41834
   0.40625
   0.39797
   0.40444
   0.40687
   0.41606
   0.40859
   0.40765
   0.39933
   0.38776
   0.37441
   0.38821
   0.39050
   0.37543
   0.37190
   0.37009
   0.37528
   0.37076
   0.35990
   0.36617
   0.38131
   0.37907
   0.35307
   0.33733
   0.32379
   0.32512
   0.32670
   0.34159
   0.34912
   0.34438
   0.33891
   0.34326
   0.33105
   0.31516
   0.31569
   0.30900
   0.30647
   0.30356
   0.31690
   0.32247
   0.33180
   0.33628
   0.32928
   0.32255
   0.31234
   0.32103
   0.31751
   0.30546
   0.29412
   0.27430
   0.26836
   0.27179
   0.28166
   0.28029
   0.28487
   0.26605
   0.24484
   0.24523
   0.26480
   0.26604
   0.25219
   0.23719
   0.23599
   0.22962
   0.22105
   0.22193
   0.20752
   0.19632
   0.21017
   0.22525
   0.23277
   0.23395
   0.22153
   0.21619
   0.21356
   0.21359
   0.19882
   0.19580
   0.20648
   0.20884
   0.21060
   0.21238
   0.20093
   0.18236
   0.18035
   0.18420
   0.18828
   0.18120
   0.16899
   0.17297
   0.18015
   0.18477
   0.18543
   0.19096
   0.19301
   0.20200
   0.19794
   0.18974
   0.17914
   0.17200
   0.15407
   0.13830
   0.15736
   0.16630
   0.17703
   0.18163
   0.17313
   0.16951
   0.18414
   0.18644
   0.19496
   0.16967
   0.14638
   0.13065
   0.12583
   0.11835
   0.10555
   0.11085
   0.12338
   0.12642
   0.14896
   0.16184
   0.16573
   0.18342
   0.20053
   0.19062
   0.16195
   0.14620
   0.13843
   0.13279
   0.11102
   0.09934
   0.10767
   0.11491
   0.12449
   0.13678
   0.14268
   0.14442
   0.14200
   0.12027
   0.11449
   0.10286
   0.09589
   0.10769
   0.13632
   0.13427
   0.13119
   0.12345
   0.10711
   0.09790
   0.10537
   0.09709
   0.09743
   0.09692
   0.10976
   0.10199
   0.08628
   0.08204
   0.06936
   0.07586
   0.08585
   0.07218
   0.06559
   0.05422
   0.06462
   0.06205
   0.05269
   0.06011
   0.08250
   0.08158
   0.07285
   0.07751
   0.07709
   0.07215
   0.05774
   0.03274
   0.02103
   0.00826
   0.01098
   0.02302
   0.02826
   0.03053
   0.03227
   0.03666
   0.02305
  -0.00246
  -0.00042
   0.00933
   0.03459
   0.05009
   0.05919
   0.06240
   0.04466
   0.03823
   0.03936
   0.04065
   0.02091
   0.02012
   0.00847
   0.00891
   0.00744
   0.00994
   0.00507
   0.00510
   0.00341
   0.00195
   0.00332
  -0.00824
  -0.01714
  -0.00948
   0.00102
   0.00239
  -0.00333
  -0.00345
  -0.00537
  -0.00801
  -0.00725
   0.00070
   0.00191
  -0.00093
  -0.00577
  -0.00529
  -0.00606
  -0.00828
  -0.03213
  -0.02172
  -0.00795
  -0.00435
  -0.00897
  -0.01066
  -0.01701
  -0.01429
  -0.02302
  -0.02891
  -0.02579
  -0.02395
  -0.01700
  -0.01661
  -0.01867
  -0.02006
  -0.03501
  -0.02825
  -0.01840
  -0.01100
  -0.01802
  -0.01561
  -0.01489
  -0.01614
  -0.02862
  -0.04834
  -0.02920
  -0.02404
  -0.02162
  -0.01522
   0.00034
  -0.00726
  -0.01872
  -0.01532
  -0.01506
  -0.03106
  -0.03491
  -0.03642
  -0.04458
  -0.03369
  -0.02333
  -0.01572
  -0.01903
  -0.02006
  -0.02798
  -0.04042
  -0.04470
  -0.05650
  -0.06816
  -0.06018
  -0.03863
  -0.02970
  -0.02873
  -0.03947
  -0.04725
  -0.05126
  -0.04931
  -0.04362
  -0.03411
  -0.01423
   0.00169
  -0.00501
  -0.01531
  -0.00882
  -0.01570
  -0.03486
  -0.06170
  -0.06375
  -0.04510
  -0.03111
  -0.02549
  -0.03088
  -0.04025
  -0.04863
  -0.03598
  -0.03710
  -0.03418
  -0.03214
  -0.03637
  -0.04437
  -0.05518
  -0.07162
  -0.07103
  -0.05467
  -0.05311
  -0.04990
  -0.04187
  -0.04105
  -0.06196
  -0.07037
  -0.06995
  -0.06325
  -0.04677
  -0.04147
  -0.05906
  -0.06498
  -0.06533
  -0.05413
  -0.05277
  -0.04910
  -0.04815
  -0.04676
  -0.07276
  -0.08468
  -0.07621
  -0.07175
  -0.08713
  -0.10254
  -0.09826
  -0.07641
  -0.07101
  -0.04996
  -0.03187
  -0.02917
  -0.04361
  -0.06248
  -0.06138
  -0.04339
  -0.03459
  -0.04197
  -0.05941
  -0.07372
  -0.07902
  -0.07011
  -0.05875
  -0.06089
  -0.06942
  -0.08403
  -0.07612
  -0.07543
  -0.07778
  -0.08636
  -0.08224
  -0.06561
  -0.05005
  -0.03597
  -0.03716
  -0.04155
  -0.04157
  -0.07349
  -0.09691
  -0.09515
  -0.07817
  -0.06193
  -0.06114
  -0.06422
  -0.05791
  -0.04155
  -0.04910
  -0.05386
  -0.04875
  -0.05201
  -0.06197
  -0.05750
  -0.05944
  -0.06645
  -0.06577
  -0.06497
  -0.04842
  -0.03878
  -0.06255
  -0.07835
  -0.08022
  -0.06369
  -0.06369
  -0.06369
  -0.06369
  -0.06369
  -0.06369
  -0.06369
  -0.06369
  -0.06369
  -0.06369
  -0.06369
  -0.06369
  -0.06369
  -0.06369
  -0.06369
  -0.06369
  -0.06369
  -0.06369
  -0.06369
  -0.06369
  -0.06369
  -0.06369
  -0.06369
  -0.06369
  -0.06369
  -0.06369
  -0.06369
  -0.06369
  -0.06369
  -0.06369
  -0.06369
  -0.06369
  -0.06369
  -0.06369
  -0.06369
  -0.06369
  -0.06369
  -0.06369
  -0.06369
  -0.06369
  -0.06369
  -0.06369
  -0.06369
  -0.06369
  -0.06369
  -0.06369
  -0.06369
  -0.06369
  -0.06369
  -0.06369
  -0.06369
  -0.06369
  -0.06369
  -0.06369
  -0.06369
  -0.06369
  -0.06369
  -0.06369
  -0.06369
  -0.06369
  -0.06369
  -0.06369
  -0.06369
  -0.06369
  -0.06369
  -0.06369
  -0.06369
  -0.06369
  -0.06369
  -0.06369
  -0.06369
  -0.06369
  -0.06369
  -0.06369
  -0.06369
  -0.06369
  -0.06369
  -0.06369
  -0.06369
  -0.06369
  -0.06369
  -0.06369
  -0.06369
  -0.06369
  -0.06369
  -0.06369
  -0.06369
  -0.06369
  -0.06369
  -0.06369
  -0.06369
  -0.06369
  -0.06369
  -0.06369
  -0.06369
  -0.06369
  -0.06369
  -0.06369
  -0.06369
  -0.06369
  -0.06369
  -0.06369
  -0.06369
  -0.06369
  -0.06369
  -0.06369
  -0.06369
  -0.06369
  -0.06369
  -0.06369
  -0.06369
  -0.06369
  -0.06369
  -0.06369
  -0.06369
  -0.06369
  -0.06369
  -0.06369
  -0.06369
  -0.06369
  -0.06369
  -0.06369
  -0.06369
  -0.06369
  -0.06369
  -0.06369
  -0.06369
  -0.06369
  -0.06369
  -0.06369
