   0.08291
   0.09816
   0.12064
   0.20579
   0.45518
   1.15574
   2.74145
   5.18018
   7.68404
   9.58172
  10.84275
  11.62629
  11.95809
  11.96959
  11.80100
  11.54049
  11.22610
  10.87811
  10.53389
  10.18692
   9.82693
   9.46173
   9.11251
   8.77979
   8.44394
   8.10531
   7.76690
   7.42891
   7.09380
   6.76567
   6.43947
   6.11290
   5.78939
   5.47111
   5.16137
   4.85716
   4.55654
   4.26452
   3.97945
   3.69590
   3.41743
   3.14707
   2.88281
   2.62384
   2.36911
   2.11934
   1.87873
   1.64581
   1.41620
   1.19182
   0.97501
   0.76348
   0.55700
   0.35684
   0.16213
  -0.02699
  -0.20977
  -0.38724
  -0.55997
  -0.72821
  -0.89164
  -1.05026
  -1.20441
  -1.35402
  -1.49771
  -1.63701
  -1.77272
  -1.90240
  -2.02679
  -2.14852
  -2.26648
  -2.37882
  -2.48666
  -2.59112
  -2.69211
  -2.78916
  -2.88107
  -2.96898
  -3.05455
  -3.13657
  -3.21414
  -3.28770
  -3.35789
  -3.42501
  -3.48960
  -3.55023
  -3.60753
  -3.66235
  -3.71385
  -3.76136
  -3.80592
  -3.84894
  -3.88960
  -3.92638
  -3.95948
  -3.99110
  -4.02102
  -4.04794
  -4.07297
  -4.09594
  -4.11591
  -4.13292
  -4.14838
  -4.16208
  -4.17353
  -4.18284
  -4.19014
  -4.19602
  -4.19980
  -4.20140
  -4.20168
  -4.20134
  -4.19907
  -4.19494
  -4.18893
  -4.18115
  -4.17278
  -4.16404
  -4.15385
  -4.14136
  -4.12714
  -4.11114
  -4.09419
  -4.07684
  -4.05865
  -4.03943
  -4.01920
  -3.99785
  -3.97447
  -3.95010
  -3.92609
  -3.90160
  -3.87563
  -3.84833
  -3.82010
  -3.79128
  -3.76245
  -3.73331
  -3.70293
  -3.67192
  -3.64075
  -3.60894
  -3.57668
  -3.54426
  -3.51092
  -3.47618
  -3.44133
  -3.40635
  -3.37082
  -3.33490
  -3.29898
  -3.26262
  -3.22636
  -3.19014
  -3.15269
  -3.11490
  -3.07710
  -3.03862
  -2.99970
  -2.96117
  -2.92224
  -2.88281
  -2.84354
  -2.80415
  -2.76514
  -2.72615
  -2.68638
  -2.64596
  -2.60585
  -2.56601
  -2.52607
  -2.48657
  -2.44739
  -2.40802
  -2.36846
  -2.32912
  -2.28973
  -2.25014
  -2.21091
  -2.17210
  -2.13330
  -2.09422
  -2.05513
  -2.01585
  -1.97708
  -1.93884
  -1.90021
  -1.86174
  -1.82391
  -1.78617
  -1.74833
  -1.71115
  -1.67404
  -1.63700
  -1.60032
  -1.56405
  -1.52796
  -1.49141
  -1.45477
  -1.41833
  -1.38215
  -1.34630
  -1.31067
  -1.27567
  -1.24144
  -1.20747
  -1.17305
  -1.13925
  -1.10645
  -1.07347
  -1.04051
  -1.00687
  -0.97318
  -0.94080
  -0.90932
  -0.87707
  -0.84487
  -0.81384
  -0.78297
  -0.75262
  -0.72261
  -0.69299
  -0.66369
  -0.63457
  -0.60531
  -0.57672
  -0.54875
  -0.52022
  -0.49138
  -0.46315
  -0.43599
  -0.40886
  -0.38140
  -0.35405
  -0.32736
  -0.30172
  -0.27563
  -0.24908
  -0.22329
  -0.19868
  -0.17400
  -0.14891
  -0.12469
  -0.10094
  -0.07761
  -0.05407
  -0.03080
  -0.00759
   0.01526
   0.03750
   0.05949
   0.08079
   0.10151
   0.12194
   0.14241
   0.16224
   0.18174
   0.20128
   0.22079
   0.24000
   0.25911
   0.27761
   0.29546
   0.31332
   0.33114
   0.34853
   0.36602
   0.38341
   0.40016
   0.41655
   0.43232
   0.44736
   0.46200
   0.47682
   0.49154
   0.50629
   0.52102
   0.53554
   0.54974
   0.56357
   0.57693
   0.58992
   0.60295
   0.61611
   0.62894
   0.64150
   0.65430
   0.66706
   0.67878
   0.68929
   0.69944
   0.70976
   0.72037
   0.73066
   0.74052
   0.75030
   0.76006
   0.76989
   0.78046
   0.79084
   0.79990
   0.80842
   0.81738
   0.82624
   0.83455
   0.84313
   0.85177
   0.85965
   0.86667
   0.87363
   0.88073
   0.88789
   0.89452
   0.90073
   0.90745
   0.91397
   0.91994
   0.92614
   0.93255
   0.93781
   0.94242
   0.94707
   0.95149
   0.95617
   0.96102
   0.96549
   0.96960
   0.97395
   0.97850
   0.98281
   0.98706
   0.99130
   0.99511
   0.99828
   1.00066
   1.00271
   1.00534
   1.00850
   1.01137
   1.01371
   1.01581
   1.01763
   1.01906
   1.02057
   1.02186
   1.02301
   1.02396
   1.02523
   1.02640
   1.02755
   1.02868
   1.02933
   1.03004
   1.03080
   1.03110
   1.03093
   1.03112
   1.03073
   1.02962
   1.02885
   1.02875
   1.02876
   1.02859
   1.02748
   1.02607
   1.02555
   1.02500
   1.02365
   1.02245
   1.02161
   1.02072
   1.02001
   1.01900
   1.01705
   1.01465
   1.01253
   1.01056
   1.00836
   1.00631
   1.00430
   1.00234
   1.00022
   0.99871
   0.99781
   0.99614
   0.99324
   0.99042
   0.98848
   0.98645
   0.98388
   0.98055
   0.97705
   0.97452
   0.97231
   0.96913
   0.96580
   0.96339
   0.96073
   0.95716
   0.95374
   0.95028
   0.94657
   0.94319
   0.94017
   0.93674
   0.93310
   0.92958
   0.92650
   0.92346
   0.91989
   0.91594
   0.91195
   0.90794
   0.90360
   0.89945
   0.89575
   0.89232
   0.88908
   0.88599
   0.88252
   0.87800
   0.87312
   0.86871
   0.86451
   0.86051
   0.85649
   0.85226
   0.84792
   0.84430
   0.84106
   0.83723
   0.83269
   0.82795
   0.82361
   0.81920
   0.81491
   0.81071
   0.80679
   0.80270
   0.79831
   0.79370
   0.78932
   0.78566
   0.78177
   0.77692
   0.77143
   0.76669
   0.76215
   0.75766
   0.75341
   0.74903
   0.74448
   0.73981
   0.73521
   0.73044
   0.72619
   0.72174
   0.71707
   0.71258
   0.70835
   0.70416
   0.69980
   0.69592
   0.69192
   0.68779
   0.68365
   0.67896
   0.67377
   0.66897
   0.66441
   0.65921
   0.65410
   0.64944
   0.64531
   0.64180
   0.63755
   0.63240
   0.62737
   0.62283
   0.61859
   0.61452
   0.61040
   0.60616
   0.60173
   0.59657
   0.59128
   0.58672
   0.58275
   0.57903
   0.57536
   0.57139
   0.56688
   0.56227
   0.55788
   0.55341
   0.54886
   0.54483
   0.54098
   0.53676
   0.53220
   0.52757
   0.52288
   0.51820
   0.51378
   0.50940
   0.50513
   0.50067
   0.49640
   0.49258
   0.48881
   0.48485
   0.48056
   0.47633
   0.47239
   0.46832
   0.46419
   0.46042
   0.45609
   0.45092
   0.44643
   0.44293
   0.43915
   0.43514
   0.43143
   0.42784
   0.42385
   0.41957
   0.41550
   0.41181
   0.40844
   0.40482
   0.40072
   0.39638
   0.39217
   0.38852
   0.38484
   0.38086
   0.37705
   0.37344
   0.36985
   0.36645
   0.36290
   0.35851
   0.35441
   0.35104
   0.34797
   0.34478
   0.34157
   0.33838
   0.33516
   0.33188
   0.32869
   0.32513
   0.32120
   0.31693
   0.31261
   0.30881
   0.30570
   0.30298
   0.29981
   0.29664
   0.29352
   0.29055
   0.28753
   0.28426
   0.28027
   0.27614
   0.27304
   0.27028
   0.26682
   0.26323
   0.26001
   0.25650
   0.25260
   0.24908
   0.24629
   0.24372
   0.24090
   0.23769
   0.23463
   0.23154
   0.22821
   0.22484
   0.22171
   0.21871
   0.21553
   0.21270
   0.21013
   0.20742
   0.20488
   0.20206
   0.19860
   0.19540
   0.19313
   0.19067
   0.18789
   0.18539
   0.18295
   0.18045
   0.17777
   0.17490
   0.17207
   0.16963
   0.16722
   0.16470
   0.16197
   0.15913
   0.15666
   0.15463
   0.15271
   0.15075
   0.14831
   0.14544
   0.14322
   0.14140
   0.13917
   0.13671
   0.13434
   0.13184
   0.12883
   0.12574
   0.12318
   0.12085
   0.11839
   0.11621
   0.11419
   0.11224
   0.11046
   0.10837
   0.10598
   0.10400
   0.10243
   0.10024
   0.09760
   0.09571
   0.09400
   0.09200
   0.08984
   0.08753
   0.08536
   0.08366
   0.08194
   0.07971
   0.07776
   0.07598
   0.07433
   0.07246
   0.07005
   0.06819
   0.06744
   0.06674
   0.06507
   0.06310
   0.06104
   0.05913
   0.05754
   0.05595
   0.05435
   0.05297
   0.05167
   0.04966
   0.04756
   0.04575
   0.04454
   0.04334
   0.04183
   0.04040
   0.03866
   0.03676
   0.03518
   0.03424
   0.03303
   0.03171
   0.03065
   0.02926
   0.02803
   0.02681
   0.02529
   0.02391
   0.02253
   0.02041
   0.01789
   0.01619
   0.01490
   0.01379
   0.01283
   0.01184
   0.01084
   0.01009
   0.00975
   0.00857
   0.00737
   0.00617
   0.00432
   0.00196
   0.00031
  -0.00087
  -0.00217
  -0.00270
  -0.00329
  -0.00394
  -0.00520
  -0.00675
  -0.00805
  -0.00904
  -0.00991
  -0.01092
  -0.01185
  -0.01312
  -0.01412
  -0.01514
  -0.01653
  -0.01756
  -0.01784
  -0.01815
  -0.01936
  -0.02068
  -0.02141
  -0.02219
  -0.02321
  -0.02388
  -0.02410
  -0.02479
  -0.02556
  -0.02585
  -0.02617
  -0.02682
  -0.02727
  -0.02767
  -0.02871
  -0.02951
  -0.02990
  -0.03008
  -0.03007
  -0.03015
  -0.03087
  -0.03144
  -0.03145
  -0.03175
  -0.03247
  -0.03291
  -0.03283
  -0.03316
  -0.03364
  -0.03368
  -0.03368
  -0.03416
  -0.03517
  -0.03606
  -0.03635
  -0.03642
  -0.03725
  -0.03779
  -0.03779
  -0.03847
  -0.03929
  -0.03958
  -0.03961
  -0.03996
  -0.04010
  -0.04032
  -0.04072
  -0.04097
  -0.04095
  -0.04105
  -0.04183
  -0.04309
  -0.04442
  -0.04506
  -0.04515
  -0.04563
  -0.04623
  -0.04670
  -0.04696
  -0.04713
  -0.04728
  -0.04767
  -0.04798
  -0.04828
  -0.04944
  -0.05034
  -0.04999
  -0.04917
  -0.04895
  -0.04893
  -0.04945
  -0.05017
  -0.05023
  -0.04996
  -0.05000
  -0.05001
  -0.04981
  -0.04964
  -0.04958
  -0.04966
  -0.04984
  -0.04991
  -0.05009
  -0.05041
  -0.05036
  -0.05004
  -0.04987
  -0.04988
  -0.04976
  -0.04993
  -0.05017
  -0.05028
  -0.05043
  -0.05069
  -0.05073
  -0.05043
  -0.05035
  -0.05066
  -0.05101
  -0.05141
  -0.05170
  -0.05139
  -0.05059
  -0.05000
  -0.04975
  -0.04964
  -0.04991
  -0.04994
  -0.04935
  -0.04886
  -0.04889
  -0.04868
  -0.04857
  -0.04905
  -0.04927
  -0.04875
  -0.04793
  -0.04717
  -0.04661
  -0.04657
  -0.04638
  -0.04638
  -0.04678
  -0.04661
  -0.04582
  -0.04543
  -0.04557
  -0.04572
  -0.04628
  -0.04658
  -0.04655
  -0.04702
  -0.04730
  -0.04712
  -0.04715
  -0.04729
  -0.04669
  -0.04656
  -0.04704
  -0.04715
  -0.04691
  -0.04681
  -0.04662
  -0.04613
  -0.04616
  -0.04676
  -0.04749
  -0.04779
  -0.04752
  -0.04713
  -0.04690
  -0.04682
  -0.04648
  -0.04611
  -0.04579
  -0.04602
  -0.04620
  -0.04577
  -0.04533
  -0.04513
  -0.04522
  -0.04519
  -0.04533
  -0.04538
  -0.04502
  -0.04448
  -0.04463
  -0.04515
  -0.04455
  -0.04343
  -0.04306
  -0.04330
  -0.04286
  -0.04166
  -0.04118
  -0.04109
  -0.04126
  -0.04170
  -0.04214
  -0.04179
  -0.04173
  -0.04274
  -0.04192
  -0.04253
  -0.04088
  -0.03720
  -0.01413
   0.02314
   0.04450
   0.04319
   0.04026
   0.04334
   0.04196
   0.04281
   0.04266
   0.04246
   0.04206
   0.04202
   0.04158
   0.04090
   0.04093
   0.04117
   0.04094
   0.04110
   0.04173
   0.04159
   0.04096
   0.04058
   0.04062
   0.04065
   0.04058
   0.04034
   0.04011
   0.03959
   0.03899
   0.03891
   0.03940
   0.03972
   0.03953
   0.03924
   0.03939
   0.03963
   0.03942
   0.03949
   0.04002
   0.04029
   0.03993
   0.03960
   0.03983
   0.04052
   0.04071
   0.04042
   0.04069
   0.04105
   0.04064
   0.04023
   0.04046
   0.04073
   0.04074
   0.04071
   0.04097
   0.04143
   0.04129
   0.04112
   0.04170
   0.04245
   0.04245
   0.04242
   0.04228
   0.04155
   0.04095
   0.04061
   0.04040
   0.04050
   0.04100
   0.04163
   0.04274
   0.04361
   0.04326
   0.04223
   0.04202
   0.04251
   0.04308
   0.04337
   0.04354
   0.04335
   0.04315
   0.04324
   0.04331
   0.04364
   0.04440
   0.04533
   0.04586
   0.04583
   0.04573
   0.04587
   0.04610
   0.04649
   0.04676
   0.04678
   0.04681
   0.04731
   0.04747
   0.04777
   0.04842
   0.04907
   0.04917
   0.04936
   0.04969
   0.05001
   0.05067
   0.05096
   0.05107
   0.05145
   0.05160
   0.05116
   0.05146
   0.05266
   0.05327
   0.05258
   0.05260
   0.05376
   0.05497
   0.05391
   0.05945
   0.05457
   0.06482
   0.06800
   0.03357
