   0.11452
   0.18166
   0.21637
   0.26098
   0.31544
   0.52892
   0.92571
   1.48461
   2.25963
   3.34140
   4.63782
   5.92219
   7.21784
   8.65466
  10.68676
  11.91440
  11.03934
   9.30165
   8.26439
   7.52440
   6.88201
   6.25959
   5.71407
   5.22916
   4.79022
   4.45594
   4.21229
   3.96802
   3.68418
   3.42423
   3.19335
   2.95000
   2.69998
   2.47399
   2.23844
   1.97712
   1.72850
   1.52674
   1.33826
   1.13288
   0.93202
   0.75556
   0.57736
   0.38944
   0.22809
   0.08566
  -0.05850
  -0.19652
  -0.31455
  -0.43193
  -0.55861
  -0.69515
  -0.80882
  -0.90332
  -1.00417
  -1.10156
  -1.17354
  -1.24411
  -1.31444
  -1.40300
  -1.50041
  -1.57152
  -1.62684
  -1.68708
  -1.74120
  -1.80767
  -1.88254
  -1.93219
  -1.95343
  -1.97202
  -2.00506
  -2.05327
  -2.09612
  -2.13376
  -2.16731
  -2.18128
  -2.17387
  -2.18513
  -2.21915
  -2.24030
  -2.25726
  -2.27780
  -2.28639
  -2.28287
  -2.29257
  -2.31063
  -2.33257
  -2.33991
  -2.34135
  -2.33864
  -2.33025
  -2.31230
  -2.28984
  -2.27082
  -2.27300
  -2.27819
  -2.27072
  -2.26793
  -2.27270
  -2.26622
  -2.25771
  -2.24855
  -2.24058
  -2.23004
  -2.21008
  -2.17127
  -2.12226
  -2.08687
  -2.09279
  -2.10688
  -2.10073
  -2.08357
  -2.06077
  -2.03855
  -2.02143
  -2.00734
  -1.97866
  -1.94450
  -1.94261
  -1.95239
  -1.93294
  -1.89105
  -1.85432
  -1.83557
  -1.82489
  -1.79305
  -1.77099
  -1.75695
  -1.73916
  -1.70523
  -1.67968
  -1.67908
  -1.68018
  -1.65279
  -1.62463
  -1.59957
  -1.55778
  -1.51299
  -1.48218
  -1.46503
  -1.42931
  -1.39601
  -1.37783
  -1.36043
  -1.32217
  -1.29493
  -1.28319
  -1.26594
  -1.23908
  -1.21221
  -1.18389
  -1.17348
  -1.17487
  -1.16457
  -1.15108
  -1.13808
  -1.12505
  -1.11434
  -1.10832
  -1.09532
  -1.07244
  -1.04811
  -1.02364
  -0.97795
  -0.93955
  -0.92114
  -0.90055
  -0.86924
  -0.84407
  -0.82469
  -0.81774
  -0.80788
  -0.78687
  -0.78007
  -0.78660
  -0.79491
  -0.79475
  -0.78295
  -0.77253
  -0.76243
  -0.74731
  -0.71892
  -0.68858
  -0.68735
  -0.68444
  -0.64578
  -0.60521
  -0.57703
  -0.55442
  -0.53351
  -0.51270
  -0.50596
  -0.49995
  -0.49730
  -0.49565
  -0.47546
  -0.44467
  -0.42373
  -0.39626
  -0.36697
  -0.35325
  -0.35622
  -0.35675
  -0.35214
  -0.33490
  -0.31637
  -0.31097
  -0.29303
  -0.27063
  -0.25782
  -0.24292
  -0.22801
  -0.22076
  -0.21375
  -0.21151
  -0.20449
  -0.19132
  -0.17994
  -0.15736
  -0.12649
  -0.10870
  -0.09925
  -0.09118
  -0.10077
  -0.10941
  -0.08917
  -0.05691
  -0.03631
  -0.03931
  -0.04325
  -0.03424
  -0.02148
  -0.01284
  -0.00597
  -0.00925
   0.00326
   0.03453
   0.05532
   0.06735
   0.07556
   0.07218
   0.07238
   0.08927
   0.11622
   0.14491
   0.16576
   0.17267
   0.16845
   0.17124
   0.18634
   0.19900
   0.20794
   0.21117
   0.22082
   0.23849
   0.23404
   0.21131
   0.20530
   0.20948
   0.20069
   0.20678
   0.23970
   0.25676
   0.24686
   0.24578
   0.24568
   0.23540
   0.22675
   0.24196
   0.25579
   0.26106
   0.26561
   0.27410
   0.28117
   0.29865
   0.31396
   0.33305
   0.33920
   0.33571
   0.32400
   0.32348
   0.33781
   0.34418
   0.33078
   0.32588
   0.33442
   0.34473
   0.34156
   0.32873
   0.32665
   0.33431
   0.34952
   0.35986
   0.35970
   0.34509
   0.34078
   0.35817
   0.37448
   0.38860
   0.40973
   0.41390
   0.40165
   0.40210
   0.42069
   0.43946
   0.43491
   0.41507
   0.40133
   0.40404
   0.40038
   0.38770
   0.37748
   0.36931
   0.37080
   0.38911
   0.40690
   0.42029
   0.42953
   0.43724
   0.44675
   0.44632
   0.42769
   0.41570
   0.43404
   0.46775
   0.47770
   0.46494
   0.44271
   0.41986
   0.40045
   0.40785
   0.41954
   0.41461
   0.40347
   0.40154
   0.40349
   0.41732
   0.43197
   0.44116
   0.44483
   0.44053
   0.42032
   0.40238
   0.38786
   0.38479
   0.38755
   0.38665
   0.38946
   0.40190
   0.41339
   0.42015
   0.41713
   0.42148
   0.43498
   0.43157
   0.41916
   0.41073
   0.40819
   0.40001
   0.38428
   0.36741
   0.34789
   0.33968
   0.36375
   0.38697
   0.39498
   0.39195
   0.38221
   0.37894
   0.39092
   0.40930
   0.41470
   0.40672
   0.39407
   0.38368
   0.36716
   0.37674
   0.39644
   0.39946
   0.39522
   0.40046
   0.38683
   0.35612
   0.34206
   0.35241
   0.36989
   0.37337
   0.36254
   0.34386
   0.34664
   0.36099
   0.36489
   0.36012
   0.36070
   0.36529
   0.36116
   0.35783
   0.36126
   0.37587
   0.38453
   0.38728
   0.37965
   0.36817
   0.35768
   0.34575
   0.32582
   0.31832
   0.32872
   0.33524
   0.33112
   0.31840
   0.30572
   0.31349
   0.32634
   0.31788
   0.31277
   0.32733
   0.32811
   0.31594
   0.30287
   0.29487
   0.29155
   0.29418
   0.29858
   0.29652
   0.28338
   0.27235
   0.26391
   0.26301
   0.26428
   0.25373
   0.24084
   0.24879
   0.26061
   0.27270
   0.27837
   0.27910
   0.27201
   0.27166
   0.27305
   0.26555
   0.24880
   0.24847
   0.25020
   0.23079
   0.20266
   0.19350
   0.20008
   0.20143
   0.20278
   0.20790
   0.20984
   0.22140
   0.23303
   0.23154
   0.23109
   0.23880
   0.23656
   0.23629
   0.22381
   0.20029
   0.18803
   0.19245
   0.19952
   0.21588
   0.21749
   0.19821
   0.17783
   0.17251
   0.18242
   0.20650
   0.21590
   0.20890
   0.20087
   0.20387
   0.19842
   0.18846
   0.19230
   0.20448
   0.19933
   0.19456
   0.18957
   0.17172
   0.15420
   0.14171
   0.13755
   0.15596
   0.16653
   0.16704
   0.16117
   0.15322
   0.15378
   0.16439
   0.15280
   0.12368
   0.09771
   0.09985
   0.11790
   0.12655
   0.13394
   0.15261
   0.16587
   0.15661
   0.14365
   0.14590
   0.14663
   0.12569
   0.11173
   0.12040
   0.13295
   0.12704
   0.11084
   0.10579
   0.11624
   0.12112
   0.12668
   0.13218
   0.14566
   0.14800
   0.12660
   0.10789
   0.11470
   0.11954
   0.11239
   0.09940
   0.09326
   0.08989
   0.07942
   0.07993
   0.08965
   0.10145
   0.10751
   0.10557
   0.08978
   0.07859
   0.08272
   0.10219
   0.10755
   0.09364
   0.08097
   0.07661
   0.06767
   0.05777
   0.06802
   0.08424
   0.08187
   0.07162
   0.07734
   0.08592
   0.08700
   0.09433
   0.10968
   0.11791
   0.11739
   0.11884
   0.11390
   0.09957
   0.08004
   0.05904
   0.04696
   0.04762
   0.05700
   0.06348
   0.05736
   0.04476
   0.04096
   0.02586
   0.01681
   0.02421
   0.02840
   0.03879
   0.05238
   0.04329
   0.03210
   0.03802
   0.04107
   0.04204
   0.03481
   0.03000
   0.02927
   0.03010
   0.02814
   0.02776
   0.01902
   0.01417
   0.01241
   0.01452
   0.01496
   0.01554
   0.01323
   0.01148
   0.01311
   0.02322
   0.02851
   0.02343
   0.01256
   0.00626
   0.01030
   0.01667
   0.01595
   0.01373
   0.01130
   0.00818
   0.00330
   0.00017
  -0.00673
  -0.01083
  -0.00868
  -0.00419
   0.00693
   0.00423
  -0.00841
  -0.00026
   0.00637
   0.00898
   0.01899
   0.01997
   0.01741
   0.02700
   0.03025
   0.03222
   0.02837
   0.02529
   0.02327
   0.02695
   0.01457
  -0.00077
  -0.00435
  -0.01015
  -0.02414
  -0.01365
   0.00319
   0.01801
   0.02730
   0.03002
   0.01499
  -0.00212
  -0.00613
   0.00584
   0.00432
  -0.01004
  -0.01309
  -0.00725
  -0.02540
  -0.05931
  -0.06404
  -0.04177
  -0.02992
  -0.02754
  -0.01743
  -0.01301
  -0.01784
  -0.01916
  -0.02614
  -0.03590
  -0.04308
  -0.04317
  -0.04173
  -0.05135
  -0.07617
  -0.09308
  -0.08384
  -0.06889
  -0.07183
  -0.07238
  -0.04471
  -0.01342
  -0.00386
  -0.02007
  -0.03168
  -0.03523
  -0.05150
  -0.05554
  -0.03911
  -0.04383
  -0.05108
  -0.05343
  -0.04943
  -0.04483
  -0.05726
  -0.07112
  -0.05802
  -0.04494
  -0.03759
  -0.03703
  -0.04311
  -0.04207
  -0.03973
  -0.03579
  -0.03047
  -0.04062
  -0.06013
  -0.05889
  -0.04906
  -0.04572
  -0.03272
  -0.01675
  -0.02357
  -0.04256
  -0.05177
  -0.05519
  -0.05207
  -0.03818
  -0.01937
  -0.00382
  -0.00503
  -0.02627
  -0.05512
  -0.06636
  -0.04942
  -0.01959
  -0.00408
   0.00170
  -0.00704
  -0.01161
  -0.02279
  -0.03998
  -0.05430
  -0.05850
  -0.07071
  -0.06956
  -0.06759
  -0.06328
  -0.05612
  -0.05355
  -0.04557
  -0.03001
  -0.02484
  -0.02610
  -0.03292
  -0.03734
  -0.03528
  -0.05010
  -0.07789
  -0.08842
  -0.08936
  -0.09006
  -0.07793
  -0.06803
  -0.06590
  -0.06239
  -0.06805
  -0.07323
  -0.05861
  -0.05029
  -0.05626
  -0.04354
  -0.02849
  -0.03374
  -0.04323
  -0.05191
  -0.06018
  -0.05209
  -0.06062
  -0.09387
  -0.11454
  -0.10028
  -0.07075
  -0.05092
  -0.05569
  -0.06180
  -0.05346
  -0.05858
  -0.08896
  -0.10454
  -0.08732
  -0.06301
  -0.05015
  -0.04431
  -0.03514
  -0.02871
  -0.02310
  -0.03061
  -0.04913
  -0.07089
  -0.09335
  -0.10199
  -0.08324
  -0.05550
  -0.04301
  -0.04036
  -0.02962
  -0.02618
  -0.02898
  -0.02294
  -0.02824
  -0.04099
  -0.03005
  -0.00752
  -0.00883
  -0.02844
  -0.03295
  -0.02863
  -0.03955
  -0.05364
  -0.06098
  -0.06571
  -0.06592
  -0.06336
  -0.06522
  -0.06381
  -0.05466
  -0.04426
  -0.03624
  -0.03396
  -0.05302
  -0.06026
  -0.04067
  -0.02245
  -0.02534
  -0.04136
  -0.06023
  -0.06830
  -0.07445
  -0.08539
  -0.09165
  -0.08950
  -0.07689
  -0.06014
  -0.05227
  -0.04358
  -0.02910
  -0.02607
  -0.03563
  -0.04888
  -0.06771
  -0.06897
  -0.06399
  -0.06597
  -0.06299
  -0.03876
  -0.03792
  -0.05775
  -0.06900
  -0.05922
  -0.04758
  -0.04072
  -0.04763
  -0.05887
  -0.06323
  -0.06386
  -0.07068
  -0.07091
  -0.05545
  -0.05170
  -0.06345
  -0.06165
  -0.05514
  -0.06176
  -0.07003
  -0.06638
  -0.06777
  -0.07738
  -0.07753
  -0.06655
  -0.06991
  -0.07470
  -0.06129
  -0.03782
  -0.02924
  -0.02664
  -0.02844
  -0.02457
  -0.01475
  -0.01028
  -0.03549
  -0.05911
  -0.05528
  -0.05890
  -0.08409
  -0.09555
  -0.08246
  -0.07953
  -0.08012
  -0.08001
  -0.07332
  -0.06414
  -0.05291
  -0.04881
  -0.04554
  -0.05029
  -0.05502
  -0.06270
  -0.06436
  -0.05206
  -0.04379
  -0.05420
  -0.06475
  -0.07297
  -0.07544
  -0.08541
  -0.10058
  -0.10774
  -0.09699
  -0.09609
  -0.09536
  -0.08672
  -0.07285
  -0.07216
  -0.06097
  -0.05313
  -0.06299
  -0.06343
  -0.04790
  -0.05386
  -0.06499
  -0.06705
  -0.07369
  -0.08723
  -0.09014
  -0.08049
  -0.07224
  -0.07294
  -0.07262
  -0.06573
  -0.04913
  -0.03595
  -0.02801
  -0.02656
  -0.03966
  -0.06487
  -0.08255
  -0.08926
  -0.08938
  -0.08639
  -0.07662
  -0.05813
  -0.05062
  -0.04819
  -0.05288
  -0.07648
  -0.10503
  -0.10526
  -0.08161
  -0.04614
  -0.03720
  -0.05092
  -0.06427
  -0.06107
  -0.04427
  -0.03289
  -0.01454
  -0.00870
  -0.03477
  -0.05320
  -0.04580
  -0.04039
  -0.02725
  -0.03346
  -0.06476
  -0.07309
  -0.04256
  -0.01532
  -0.01783
  -0.02562
  -0.02667
  -0.01693
  -0.02082
  -0.04550
  -0.06345
  -0.04686
  -0.02752
  -0.02565
  -0.03367
  -0.02276
  -0.01043
  -0.02953
  -0.03493
  -0.00762
   0.00469
   0.00234
   0.01367
   0.01936
   0.01214
  -0.00062
  -0.00116
  -0.00011
  -0.01666
  -0.03501
  -0.02997
  -0.01347
  -0.00023
   0.01142
   0.01970
   0.02659
   0.03786
   0.04700
   0.04012
   0.03163
   0.03328
   0.04236
   0.03997
   0.02442
   0.01604
   0.02434
   0.03199
   0.03381
   0.04651
   0.07007
   0.07728
   0.05189
   0.02390
   0.03454
   0.06038
   0.05447
   0.03883
   0.05184
   0.07070
   0.05993
   0.05564
   0.09298
   0.13243
   0.11408
   0.08687
   0.08785
   0.08685
   0.07994
   0.10876
   0.14296
   0.13781
   0.11253
   0.11279
   0.17467
   0.13899
