  -0.00000
   1.32658
   2.12486
   3.18283
   4.42672
   5.67699
   6.66100
   7.42406
   8.12457
   8.54545
   8.24513
   7.78192
   7.39932
   7.05455
   6.63348
   6.15277
   5.68600
   5.26853
   4.89006
   4.53977
   4.20299
   3.89406
   3.63358
   3.38798
   3.13111
   2.89153
   2.68200
   2.48163
   2.26904
   2.05450
   1.85712
   1.67154
   1.48851
   1.30271
   1.12079
   0.94867
   0.78705
   0.62626
   0.46852
   0.31649
   0.17629
   0.04082
  -0.09245
  -0.22057
  -0.34159
  -0.45651
  -0.56897
  -0.67323
  -0.77073
  -0.86744
  -0.96079
  -1.04921
  -1.13081
  -1.20792
  -1.28243
  -1.35276
  -1.41806
  -1.48497
  -1.55052
  -1.60925
  -1.66759
  -1.72088
  -1.77392
  -1.82311
  -1.86942
  -1.90800
  -1.94494
  -1.98063
  -2.01326
  -2.04275
  -2.06863
  -2.09332
  -2.11797
  -2.13829
  -2.15228
  -2.16882
  -2.18620
  -2.19884
  -2.21055
  -2.22278
  -2.23054
  -2.23899
  -2.24369
  -2.24952
  -2.25380
  -2.25747
  -2.26135
  -2.26461
  -2.26262
  -2.25931
  -2.25594
  -2.25129
  -2.24364
  -2.23595
  -2.22504
  -2.21464
  -2.20629
  -2.19692
  -2.18612
  -2.17418
  -2.16549
  -2.15364
  -2.14079
  -2.12621
  -2.10970
  -2.09292
  -2.07601
  -2.06005
  -2.04403
  -2.02747
  -2.01128
  -1.99241
  -1.97406
  -1.95722
  -1.93670
  -1.91843
  -1.89631
  -1.87541
  -1.85369
  -1.83249
  -1.81022
  -1.78840
  -1.76759
  -1.74896
  -1.72861
  -1.70523
  -1.68199
  -1.65891
  -1.63750
  -1.61622
  -1.59662
  -1.57357
  -1.55130
  -1.52922
  -1.50719
  -1.48705
  -1.46469
  -1.44173
  -1.41942
  -1.39610
  -1.37011
  -1.34778
  -1.32247
  -1.29958
  -1.27668
  -1.25817
  -1.23742
  -1.21664
  -1.19378
  -1.17210
  -1.15443
  -1.13391
  -1.11097
  -1.08875
  -1.06588
  -1.04379
  -1.02562
  -1.00421
  -0.98376
  -0.96526
  -0.94296
  -0.92416
  -0.90456
  -0.88777
  -0.86941
  -0.84890
  -0.82752
  -0.80504
  -0.78828
  -0.77191
  -0.75431
  -0.73373
  -0.71686
  -0.69992
  -0.68108
  -0.66434
  -0.64974
  -0.63226
  -0.61294
  -0.59607
  -0.58387
  -0.56695
  -0.54753
  -0.52996
  -0.51249
  -0.49693
  -0.48227
  -0.46223
  -0.44914
  -0.43718
  -0.42261
  -0.40806
  -0.39127
  -0.37433
  -0.36059
  -0.34616
  -0.33019
  -0.31596
  -0.30169
  -0.29118
  -0.27707
  -0.26193
  -0.24680
  -0.23399
  -0.22217
  -0.21163
  -0.19752
  -0.18257
  -0.16806
  -0.15635
  -0.14477
  -0.13225
  -0.12120
  -0.10982
  -0.09468
  -0.08516
  -0.07379
  -0.06263
  -0.05105
  -0.04197
  -0.03149
  -0.02333
  -0.01307
  -0.00551
   0.00458
   0.01473
   0.02498
   0.03511
   0.04613
   0.05692
   0.06581
   0.07558
   0.08435
   0.09304
   0.10381
   0.10957
   0.11597
   0.12358
   0.13577
   0.14629
   0.15451
   0.16345
   0.17050
   0.17336
   0.17628
   0.18447
   0.19264
   0.20083
   0.20926
   0.21598
   0.22073
   0.22640
   0.23276
   0.23655
   0.24431
   0.25150
   0.26026
   0.26560
   0.27139
   0.27568
   0.28268
   0.28963
   0.29568
   0.30133
   0.30290
   0.30793
   0.31115
   0.31580
   0.32141
   0.32415
   0.32884
   0.33400
   0.34136
   0.34642
   0.34674
   0.34910
   0.35493
   0.35611
   0.35699
   0.36311
   0.36898
   0.37225
   0.37709
   0.37868
   0.38192
   0.38072
   0.38386
   0.38908
   0.39240
   0.39693
   0.39846
   0.40108
   0.40154
   0.40119
   0.40470
   0.40798
   0.40714
   0.40750
   0.41093
   0.41261
   0.41258
   0.41394
   0.41623
   0.41876
   0.42066
   0.42292
   0.42770
   0.43108
   0.43263
   0.43279
   0.43623
   0.43783
   0.44092
   0.44597
   0.44478
   0.44447
   0.44335
   0.44269
   0.44242
   0.44189
   0.44194
   0.44072
   0.44147
   0.44397
   0.44515
   0.44197
   0.44415
   0.44555
   0.44376
   0.44434
   0.44619
   0.44932
   0.44678
   0.44473
   0.44397
   0.44266
   0.44229
   0.44357
   0.44508
   0.44667
   0.44678
   0.44680
   0.44623
   0.44428
   0.44474
   0.44178
   0.44066
   0.43728
   0.43419
   0.43243
   0.43361
   0.43525
   0.43497
   0.43331
   0.43156
   0.43525
   0.43318
   0.43168
   0.43104
   0.43108
   0.42896
   0.42712
   0.42533
   0.42437
   0.42318
   0.41982
   0.41900
   0.41957
   0.42312
   0.42101
   0.42063
   0.41972
   0.42175
   0.42000
   0.41817
   0.41587
   0.41566
   0.41546
   0.41157
   0.40850
   0.40568
   0.40416
   0.40258
   0.40307
   0.40378
   0.40120
   0.39829
   0.39658
   0.39480
   0.39438
   0.39093
   0.38954
   0.39052
   0.39007
   0.38862
   0.38505
   0.38111
   0.37860
   0.37750
   0.37721
   0.37376
   0.37099
   0.36896
   0.36755
   0.36476
   0.36464
   0.36414
   0.36164
   0.35996
   0.35810
   0.36084
   0.35886
   0.35509
   0.34997
   0.34680
   0.34408
   0.34070
   0.33970
   0.33817
   0.33470
   0.33299
   0.33210
   0.33306
   0.32946
   0.32634
   0.32698
   0.32476
   0.32055
   0.31832
   0.31762
   0.31512
   0.31635
   0.31692
   0.31429
   0.31485
   0.31458
   0.31094
   0.30845
   0.30658
   0.30266
   0.30050
   0.29565
   0.29542
   0.29391
   0.29140
   0.28954
   0.28783
   0.28541
   0.28388
   0.28296
   0.28065
   0.27843
   0.27703
   0.27556
   0.27467
   0.27270
   0.27000
   0.26950
   0.26810
   0.26604
   0.26516
   0.26394
   0.26378
   0.25890
   0.25766
   0.25517
   0.25375
   0.25220
   0.25071
   0.24942
   0.24814
   0.24776
   0.24733
   0.24460
   0.24297
   0.24084
   0.23963
   0.23705
   0.23571
   0.23649
   0.23601
   0.23441
   0.23235
   0.23270
   0.22857
   0.22341
   0.22145
   0.21886
   0.21789
   0.21938
   0.21753
   0.21364
   0.20970
   0.20854
   0.20550
   0.20703
   0.20539
   0.20387
   0.20271
   0.20362
   0.20375
   0.20525
   0.20209
   0.19788
   0.19658
   0.19938
   0.20134
   0.19752
   0.19115
   0.19075
   0.19197
   0.19152
   0.19100
   0.18987
   0.18716
   0.18530
   0.18629
   0.18702
   0.18649
   0.18494
   0.18239
   0.17854
   0.17638
   0.17396
   0.17442
   0.17230
   0.16686
   0.16694
   0.16539
   0.16389
   0.16001
   0.16097
   0.16055
   0.15980
   0.15761
   0.15573
   0.15346
   0.15588
   0.15557
   0.15428
   0.15238
   0.15040
   0.14913
   0.14826
   0.14743
   0.14754
   0.14555
   0.14353
   0.14616
   0.14709
   0.14431
   0.14348
   0.14126
   0.14241
   0.14200
   0.13897
   0.13470
   0.13164
   0.13108
   0.13343
   0.13816
   0.13584
   0.13240
   0.12892
   0.12536
   0.12360
   0.12222
   0.12006
   0.11488
   0.11372
   0.11224
   0.11323
   0.11109
   0.11046
   0.11031
   0.11115
   0.10829
   0.10655
   0.10358
   0.10548
   0.10291
   0.09909
   0.09701
   0.09687
   0.09871
   0.10063
   0.10025
   0.09767
   0.09590
   0.09698
   0.09607
   0.09424
   0.09464
   0.09107
   0.09069
   0.09029
   0.08951
   0.08902
   0.08921
   0.08994
   0.08829
   0.08737
   0.08701
   0.08276
   0.08167
   0.07975
   0.08059
   0.07957
   0.08024
   0.08106
   0.07767
   0.07735
   0.07736
   0.07710
   0.07391
   0.07023
   0.06888
   0.06737
   0.06884
   0.06728
   0.06460
   0.06318
   0.06342
   0.06279
   0.06256
   0.06444
   0.06448
   0.06716
   0.07000
   0.07120
   0.06842
   0.06626
   0.06708
   0.07028
   0.07003
   0.06817
   0.06600
   0.06343
   0.05861
   0.05456
   0.05416
   0.05496
   0.05529
   0.05471
   0.05248
   0.05043
   0.04735
   0.04747
   0.04750
   0.05043
   0.05135
   0.05009
   0.04608
   0.04338
   0.04285
   0.03865
   0.03674
   0.03484
   0.03498
   0.03572
   0.03929
   0.04240
   0.04145
   0.04169
   0.03918
   0.03971
   0.03776
   0.03600
   0.03558
   0.03524
   0.03328
   0.02978
   0.02919
   0.02925
   0.02940
   0.03170
   0.03122
   0.03269
   0.03284
   0.03168
   0.03451
   0.03256
   0.03082
   0.02828
   0.02652
   0.02168
   0.01948
   0.01999
   0.02295
   0.02525
   0.02340
   0.02097
   0.02013
   0.02137
   0.02063
   0.01994
   0.01527
   0.01207
   0.01303
   0.01571
   0.01697
   0.01759
   0.02065
   0.02288
   0.02219
   0.01912
   0.01635
   0.01404
   0.01457
   0.01486
   0.01347
   0.01256
   0.01578
   0.01480
   0.01291
   0.00948
   0.00741
   0.00749
   0.00857
   0.00978
   0.01086
   0.01143
   0.01152
   0.00902
   0.00720
   0.00332
   0.00397
   0.00479
   0.00686
   0.00452
   0.00365
   0.00449
   0.00734
   0.00625
   0.00369
   0.00035
  -0.00236
  -0.00228
  -0.00474
  -0.00984
  -0.00922
  -0.00777
  -0.00641
  -0.00709
  -0.00512
  -0.00421
  -0.00522
  -0.00662
  -0.00614
  -0.00554
  -0.00336
  -0.00142
  -0.00046
  -0.00205
  -0.00178
  -0.00147
  -0.00269
  -0.00267
  -0.00289
  -0.00372
  -0.00057
   0.00120
   0.00101
  -0.00120
  -0.00063
   0.00037
  -0.00307
  -0.00338
  -0.00239
  -0.00276
  -0.00555
  -0.00863
  -0.01036
  -0.01187
  -0.01033
  -0.00935
  -0.00967
  -0.01113
  -0.01009
  -0.00586
  -0.00692
  -0.00826
  -0.00901
  -0.01015
  -0.00846
  -0.00818
  -0.00824
  -0.00849
  -0.00752
  -0.00656
  -0.00691
  -0.00821
  -0.00729
  -0.00630
  -0.00734
  -0.00796
  -0.00928
  -0.00815
  -0.00589
  -0.00650
  -0.00949
  -0.00946
  -0.00923
  -0.00868
  -0.00803
  -0.00816
  -0.00642
  -0.00686
  -0.00681
  -0.00663
  -0.00516
  -0.00632
  -0.00725
  -0.00787
  -0.00517
  -0.00549
  -0.00942
  -0.01181
  -0.01309
  -0.01092
  -0.01001
  -0.00879
  -0.00761
  -0.00832
  -0.01055
  -0.00934
  -0.00721
  -0.00721
  -0.00787
  -0.00952
  -0.00950
  -0.00938
  -0.00963
  -0.00897
  -0.00629
  -0.00697
  -0.00604
  -0.00597
  -0.00914
  -0.00852
  -0.00800
  -0.00800
  -0.00823
  -0.00793
  -0.00503
  -0.00557
  -0.00319
  -0.00375
  -0.00569
  -0.00637
  -0.00660
  -0.00892
  -0.00922
  -0.00824
  -0.00931
  -0.00762
  -0.00665
  -0.00614
  -0.00829
  -0.00854
  -0.00811
  -0.00882
  -0.01029
  -0.00816
  -0.00789
  -0.00959
  -0.00894
  -0.00848
  -0.00707
  -0.00396
  -0.00156
  -0.00176
   0.00018
   0.00236
   0.00067
  -0.00392
  -0.00446
  -0.00206
  -0.00090
   0.00020
   0.00047
   0.00169
   0.00242
   0.00021
  -0.00116
  -0.00333
  -0.00348
  -0.00388
  -0.00819
  -0.01031
  -0.01039
  -0.00846
  -0.00673
  -0.00464
  -0.00296
   0.00388
   0.00625
   0.01242
   0.02295
   0.02264
   0.02307
   0.02358
   0.02520
   0.02476
   0.02582
   0.02419
   0.02179
   0.02208
   0.02414
   0.02440
   0.02461
   0.02804
   0.02966
   0.02961
   0.02865
   0.02694
   0.02851
   0.02860
   0.02818
   0.02842
   0.02765
   0.02698
   0.02528
   0.02685
   0.02847
   0.02676
   0.02729
   0.02932
   0.03268
   0.02986
   0.02885
   0.03087
   0.02914
   0.02914
   0.02914
   0.02914
   0.02914
   0.02914
   0.02914
   0.02914
   0.02914
   0.02914
   0.02914
   0.02914
   0.02914
   0.02914
   0.02914
   0.02914
   0.02914
   0.02914
   0.02914
   0.02914
   0.02914
   0.02914
   0.02914
   0.02914
   0.02914
   0.02914
   0.02914
   0.02914
   0.02914
   0.02914
   0.02914
   0.02914
   0.02914
   0.02914
   0.02914
   0.02914
   0.02914
   0.02914
   0.02914
   0.02914
   0.02914
   0.02914
   0.02914
   0.02914
   0.02914
   0.02914
   0.02914
   0.02914
   0.02914
   0.02914
   0.02914
   0.02914
   0.02914
   0.02914
   0.02914
   0.02914
   0.02914
   0.02914
   0.02914
   0.02914
   0.02914
   0.02914
   0.02914
   0.02914
   0.02914
   0.02914
   0.02914
   0.02914
   0.02914
   0.02914
   0.02914
   0.02914
   0.02914
   0.02914
   0.02914
   0.02914
   0.02914
   0.02914
   0.02914
   0.02914
   0.02914
   0.02914
   0.02914
   0.02914
   0.02914
   0.02914
   0.02914
   0.02914
   0.02914
   0.02914
   0.02914
   0.02914
