   0.12511
   0.13707
   0.13639
   0.18231
   0.27784
   0.50298
   0.90882
   1.59675
   2.68911
   4.21642
   6.00017
   7.74709
   9.25334
  10.59719
  11.45247
  11.33822
  10.53674
   9.78191
   9.26268
   8.78440
   8.35993
   7.98981
   7.69481
   7.44261
   7.22155
   7.01135
   6.77909
   6.50938
   6.22564
   5.94954
   5.68513
   5.40989
   5.11847
   4.83743
   4.57595
   4.32092
   4.07293
   3.83613
   3.59653
   3.36229
   3.14601
   2.93430
   2.71632
   2.50034
   2.29259
   2.09209
   1.89519
   1.70662
   1.52968
   1.35754
   1.18594
   1.01553
   0.84732
   0.68374
   0.52478
   0.36487
   0.20900
   0.05852
  -0.08587
  -0.21798
  -0.34515
  -0.47425
  -0.60780
  -0.73851
  -0.86269
  -0.97855
  -1.08833
  -1.19180
  -1.29370
  -1.39569
  -1.48993
  -1.58016
  -1.66765
  -1.75613
  -1.84608
  -1.93631
  -2.01571
  -2.08467
  -2.15266
  -2.22581
  -2.29687
  -2.36583
  -2.43769
  -2.50037
  -2.54987
  -2.59572
  -2.64909
  -2.70050
  -2.74133
  -2.78110
  -2.82727
  -2.87100
  -2.90087
  -2.92365
  -2.95023
  -2.98355
  -3.02149
  -3.06059
  -3.09208
  -3.11004
  -3.12539
  -3.14845
  -3.17041
  -3.18442
  -3.19889
  -3.21027
  -3.21436
  -3.21797
  -3.23143
  -3.24615
  -3.25695
  -3.26561
  -3.27141
  -3.27283
  -3.26694
  -3.25405
  -3.24271
  -3.24240
  -3.24516
  -3.24089
  -3.23222
  -3.22601
  -3.21495
  -3.20102
  -3.18913
  -3.18253
  -3.17256
  -3.16031
  -3.15247
  -3.13968
  -3.12394
  -3.11484
  -3.10784
  -3.09044
  -3.06959
  -3.04577
  -3.01920
  -2.99780
  -2.97814
  -2.95462
  -2.93038
  -2.90887
  -2.88939
  -2.87036
  -2.84416
  -2.81284
  -2.78886
  -2.76654
  -2.73933
  -2.71206
  -2.68784
  -2.66292
  -2.63844
  -2.60992
  -2.57878
  -2.55557
  -2.53717
  -2.51646
  -2.49844
  -2.48635
  -2.46834
  -2.44255
  -2.41364
  -2.38157
  -2.34728
  -2.31805
  -2.29378
  -2.27019
  -2.24778
  -2.22052
  -2.18992
  -2.16125
  -2.13372
  -2.10527
  -2.08013
  -2.05425
  -2.02529
  -1.99924
  -1.96677
  -1.93356
  -1.91253
  -1.89882
  -1.86929
  -1.83163
  -1.80107
  -1.77425
  -1.74126
  -1.70444
  -1.67761
  -1.65871
  -1.64409
  -1.62504
  -1.59521
  -1.56442
  -1.53789
  -1.51046
  -1.47661
  -1.44333
  -1.41362
  -1.38612
  -1.35977
  -1.33249
  -1.30556
  -1.27308
  -1.24175
  -1.21589
  -1.19435
  -1.17102
  -1.14777
  -1.12459
  -1.10129
  -1.07381
  -1.04786
  -1.02243
  -0.99396
  -0.96510
  -0.94539
  -0.92836
  -0.90305
  -0.87332
  -0.84205
  -0.81336
  -0.78906
  -0.76832
  -0.74507
  -0.72668
  -0.71381
  -0.69763
  -0.67327
  -0.65388
  -0.63745
  -0.61560
  -0.58634
  -0.55771
  -0.53298
  -0.50982
  -0.48886
  -0.47279
  -0.45737
  -0.43286
  -0.40655
  -0.38936
  -0.37738
  -0.36104
  -0.34365
  -0.32770
  -0.30929
  -0.28784
  -0.26775
  -0.24873
  -0.22999
  -0.21002
  -0.19185
  -0.17730
  -0.16422
  -0.14551
  -0.12459
  -0.10505
  -0.08826
  -0.07610
  -0.06638
  -0.05661
  -0.04221
  -0.02355
  -0.00544
   0.01047
   0.02940
   0.05095
   0.07101
   0.09004
   0.10321
   0.10985
   0.11788
   0.12760
   0.13589
   0.14853
   0.16556
   0.18091
   0.19966
   0.21190
   0.21574
   0.22022
   0.23216
   0.24507
   0.26146
   0.28145
   0.29709
   0.31078
   0.32212
   0.33072
   0.33765
   0.34487
   0.35091
   0.35781
   0.36679
   0.37629
   0.38759
   0.40568
   0.42455
   0.43143
   0.43245
   0.43817
   0.44465
   0.44920
   0.46319
   0.47822
   0.48341
   0.49064
   0.50289
   0.51050
   0.51177
   0.51696
   0.52418
   0.52755
   0.53300
   0.54521
   0.55371
   0.55426
   0.55567
   0.56573
   0.57330
   0.57829
   0.58373
   0.59139
   0.59511
   0.59608
   0.60273
   0.60985
   0.61009
   0.61059
   0.62121
   0.63233
   0.63715
   0.63913
   0.64197
   0.64403
   0.64850
   0.65504
   0.65959
   0.65626
   0.65786
   0.66344
   0.66379
   0.66408
   0.66875
   0.67158
   0.66727
   0.66649
   0.67493
   0.68654
   0.69229
   0.69543
   0.69394
   0.68954
   0.68888
   0.69248
   0.69600
   0.69738
   0.69486
   0.69463
   0.69672
   0.69927
   0.69787
   0.69671
   0.70280
   0.71048
   0.70974
   0.70547
   0.70487
   0.70534
   0.71220
   0.72153
   0.72621
   0.72481
   0.71523
   0.70457
   0.70338
   0.70545
   0.70559
   0.70564
   0.71109
   0.71579
   0.71784
   0.71251
   0.71301
   0.71861
   0.71739
   0.71063
   0.70941
   0.71399
   0.71086
   0.69982
   0.69285
   0.69784
   0.70396
   0.70687
   0.70851
   0.70689
   0.69776
   0.68678
   0.68434
   0.69023
   0.69289
   0.69141
   0.69995
   0.70759
   0.70436
   0.69637
   0.69176
   0.68724
   0.68250
   0.67534
   0.66503
   0.66243
   0.66672
   0.66706
   0.65728
   0.65216
   0.65842
   0.66479
   0.66177
   0.65913
   0.65549
   0.64636
   0.64141
   0.63925
   0.63617
   0.63622
   0.64082
   0.64593
   0.64547
   0.63992
   0.63631
   0.63654
   0.63581
   0.63284
   0.62670
   0.62020
   0.62265
   0.62551
   0.62237
   0.61765
   0.61500
   0.61400
   0.61485
   0.61579
   0.60687
   0.59331
   0.58609
   0.58409
   0.58233
   0.58561
   0.58897
   0.58663
   0.58323
   0.57943
   0.57287
   0.56856
   0.56249
   0.55589
   0.55445
   0.55686
   0.55880
   0.55598
   0.55120
   0.54598
   0.54540
   0.54142
   0.53745
   0.53350
   0.52656
   0.51652
   0.50884
   0.50805
   0.50911
   0.50872
   0.50689
   0.50532
   0.50397
   0.50568
   0.50660
   0.50353
   0.49500
   0.48651
   0.48055
   0.48082
   0.48041
   0.48035
   0.48397
   0.48758
   0.48558
   0.48176
   0.47993
   0.47257
   0.46904
   0.46552
   0.45421
   0.44434
   0.44725
   0.44826
   0.44556
   0.45015
   0.45383
   0.44971
   0.44338
   0.44327
   0.44295
   0.43571
   0.42115
   0.41217
   0.41026
   0.40581
   0.40551
   0.40820
   0.40351
   0.39856
   0.40202
   0.40627
   0.40278
   0.39867
   0.39449
   0.39226
   0.38792
   0.38283
   0.37749
   0.37021
   0.36819
   0.36797
   0.36748
   0.36389
   0.35745
   0.35096
   0.34909
   0.34784
   0.34159
   0.33433
   0.33132
   0.33067
   0.32469
   0.32169
   0.33165
   0.34008
   0.33509
   0.32376
   0.31380
   0.30581
   0.30085
   0.30066
   0.30054
   0.29689
   0.29171
   0.28995
   0.29033
   0.28678
   0.28762
   0.28804
   0.28607
   0.28075
   0.27605
   0.27352
   0.26659
   0.26016
   0.26016
   0.26338
   0.25721
   0.25068
   0.25219
   0.25093
   0.24273
   0.23621
   0.23562
   0.23314
   0.23138
   0.23459
   0.23369
   0.23183
   0.23378
   0.23396
   0.22908
   0.22191
   0.21525
   0.20896
   0.20575
   0.20595
   0.20789
   0.20937
   0.21099
   0.21153
   0.20654
   0.19942
   0.19231
   0.19033
   0.19475
   0.19732
   0.19320
   0.18951
   0.18802
   0.18504
   0.17933
   0.17627
   0.17473
   0.17252
   0.17184
   0.17267
   0.17233
   0.16422
   0.15159
   0.14296
   0.14869
   0.15820
   0.15854
   0.15584
   0.15628
   0.15669
   0.15373
   0.15074
   0.14386
   0.13328
   0.12661
   0.12677
   0.12917
   0.13770
   0.14904
   0.14685
   0.13756
   0.13730
   0.13710
   0.12739
   0.11609
   0.10990
   0.10376
   0.10012
   0.10117
   0.10318
   0.10689
   0.11267
   0.11628
   0.11801
   0.12280
   0.12170
   0.11622
   0.10776
   0.09828
   0.09270
   0.09112
   0.09085
   0.08594
   0.07745
   0.07195
   0.07401
   0.07345
   0.06855
   0.06687
   0.06895
   0.07498
   0.07614
   0.07350
   0.07368
   0.07331
   0.06961
   0.06433
   0.05808
   0.05281
   0.05160
   0.04887
   0.04974
   0.05783
   0.06154
   0.05577
   0.04569
   0.03877
   0.03951
   0.04231
   0.04621
   0.05014
   0.04777
   0.04257
   0.03962
   0.03398
   0.02414
   0.01634
   0.01915
   0.03296
   0.04312
   0.04081
   0.03452
   0.02766
   0.02311
   0.02391
   0.01540
   0.00138
  -0.00374
   0.00344
   0.00734
   0.00451
   0.00631
   0.01053
   0.00978
   0.00128
   0.00051
   0.01107
   0.02165
   0.01844
   0.00763
   0.00497
   0.00490
   0.00184
   0.00092
   0.00116
  -0.00406
  -0.01264
  -0.01379
  -0.00781
  -0.00435
  -0.00377
   0.00187
   0.00748
   0.00620
  -0.00100
  -0.01365
  -0.02124
  -0.01803
  -0.01718
  -0.01735
  -0.01399
  -0.01433
  -0.01786
  -0.01462
  -0.00902
  -0.01064
  -0.01315
  -0.01480
  -0.01891
  -0.02448
  -0.02388
  -0.02150
  -0.02044
  -0.01972
  -0.02306
  -0.02972
  -0.03565
  -0.04192
  -0.04430
  -0.04293
  -0.04362
  -0.04390
  -0.03907
  -0.03777
  -0.03423
  -0.02373
  -0.02326
  -0.03127
  -0.02913
  -0.01887
  -0.02206
  -0.03121
  -0.03812
  -0.04031
  -0.03752
  -0.03657
  -0.04176
  -0.04364
  -0.03748
  -0.03702
  -0.04314
  -0.04923
  -0.04916
  -0.03960
  -0.03080
  -0.03550
  -0.04218
  -0.03449
  -0.02694
  -0.03128
  -0.03784
  -0.04284
  -0.04698
  -0.04880
  -0.05070
  -0.05228
  -0.05082
  -0.04869
  -0.04820
  -0.04748
  -0.04192
  -0.03592
  -0.03744
  -0.04577
  -0.05365
  -0.05875
  -0.06053
  -0.05570
  -0.04755
  -0.04018
  -0.03602
  -0.03779
  -0.04116
  -0.03868
  -0.03103
  -0.03274
  -0.03681
  -0.03578
  -0.03728
  -0.04137
  -0.04328
  -0.04425
  -0.04647
  -0.04536
  -0.04745
  -0.05115
  -0.05348
  -0.05272
  -0.04771
  -0.04261
  -0.04295
  -0.04676
  -0.04507
  -0.04767
  -0.05386
  -0.05637
  -0.05537
  -0.05992
  -0.06096
  -0.05634
  -0.05529
  -0.05613
  -0.06012
  -0.06258
  -0.05795
  -0.04450
  -0.04205
  -0.05723
  -0.06978
  -0.06740
  -0.06028
  -0.06341
  -0.06839
  -0.06723
  -0.06099
  -0.05597
  -0.05555
  -0.05488
  -0.05324
  -0.05797
  -0.06529
  -0.06338
  -0.05885
  -0.06325
  -0.06548
  -0.06304
  -0.06899
  -0.07338
  -0.06958
  -0.06666
  -0.06883
  -0.07019
  -0.06752
  -0.05738
  -0.05079
  -0.05095
  -0.05332
  -0.05715
  -0.06432
  -0.06794
  -0.06590
  -0.06258
  -0.05742
  -0.05620
  -0.05586
  -0.05806
  -0.06456
  -0.06965
  -0.06735
  -0.06429
  -0.06099
  -0.05216
  -0.04626
  -0.04804
  -0.05169
  -0.05285
  -0.05470
  -0.05926
  -0.06301
  -0.06471
  -0.06363
  -0.06044
  -0.05998
  -0.06243
  -0.06165
  -0.05784
  -0.05500
  -0.05190
  -0.05294
  -0.05833
  -0.06246
  -0.06195
  -0.06185
  -0.06668
  -0.06253
  -0.05540
  -0.05794
  -0.06022
  -0.05803
  -0.05199
  -0.03257
  -0.01102
  -0.01100
  -0.01263
  -0.00626
  -0.00337
  -0.00719
  -0.01671
  -0.02008
  -0.01426
  -0.01038
  -0.01219
  -0.00978
  -0.01123
  -0.02033
  -0.02292
  -0.01537
  -0.00701
  -0.00066
   0.00269
  -0.00289
  -0.01496
  -0.02182
  -0.02141
  -0.01657
  -0.01060
  -0.00543
   0.00196
   0.00570
   0.00875
   0.00836
   0.00788
   0.00701
   0.00264
  -0.00370
  -0.00555
   0.00256
   0.00940
   0.01303
   0.00995
   0.00803
   0.01053
   0.00665
  -0.00068
  -0.00356
  -0.00238
  -0.00546
  -0.00660
  -0.00486
   0.00074
   0.01177
   0.01917
   0.02040
   0.02265
   0.02539
   0.02536
   0.02552
   0.01994
   0.00811
   0.00322
   0.00636
   0.01003
   0.01191
   0.01159
   0.01110
   0.01368
   0.01533
   0.01558
   0.01894
   0.02406
   0.02805
   0.02993
   0.03528
   0.04160
   0.04543
   0.04313
   0.04235
   0.04022
   0.03629
   0.03156
   0.02688
   0.03067
   0.03489
   0.03060
   0.02513
   0.03122
   0.03532
   0.03621
   0.04282
   0.05100
   0.05253
   0.04931
   0.05127
   0.05662
   0.05869
   0.05944
   0.05938
   0.05706
   0.05624
   0.05270
   0.04685
   0.05108
   0.06239
   0.06615
   0.06495
   0.06602
   0.06550
   0.06150
   0.06082
   0.07068
   0.08129
   0.08154
   0.07951
   0.08494
   0.08943
   0.09828
   0.08968
   0.10951
   0.11605
   0.05680
