   0.11381
   0.17506
   0.21762
   0.31804
   0.41279
   0.52822
   0.70648
   0.98528
   1.40828
   2.01897
   2.88795
   4.07673
   5.52305
   7.04942
   8.57076
   9.98304
  11.66212
  12.62573
  11.98382
  10.68304
   9.89153
   9.28023
   8.78547
   8.30706
   7.90322
   7.56563
   7.26065
   6.96807
   6.67739
   6.38223
   6.06097
   5.71499
   5.38518
   5.07048
   4.75053
   4.43643
   4.13233
   3.83635
   3.54836
   3.26598
   2.99703
   2.74080
   2.49384
   2.25264
   2.01563
   1.78918
   1.56369
   1.33722
   1.12004
   0.91473
   0.71267
   0.51233
   0.32354
   0.16303
   0.01943
  -0.12304
  -0.28316
  -0.44959
  -0.59665
  -0.73448
  -0.88227
  -1.01795
  -1.13735
  -1.25311
  -1.37758
  -1.50607
  -1.62606
  -1.71934
  -1.80643
  -1.90599
  -2.00643
  -2.09698
  -2.17667
  -2.24733
  -2.31191
  -2.38266
  -2.44602
  -2.49509
  -2.54365
  -2.61003
  -2.67941
  -2.74863
  -2.80478
  -2.84934
  -2.88877
  -2.91145
  -2.91942
  -2.93870
  -2.97488
  -3.01768
  -3.05643
  -3.08728
  -3.11467
  -3.13443
  -3.13494
  -3.13757
  -3.16461
  -3.19667
  -3.21276
  -3.21846
  -3.22977
  -3.23770
  -3.23921
  -3.24366
  -3.24927
  -3.23934
  -3.22531
  -3.22067
  -3.21512
  -3.21168
  -3.21354
  -3.21270
  -3.19939
  -3.18589
  -3.16643
  -3.14724
  -3.12477
  -3.11383
  -3.10667
  -3.08414
  -3.04934
  -3.02375
  -3.01384
  -3.01124
  -3.00374
  -2.99371
  -2.97870
  -2.94975
  -2.92574
  -2.90178
  -2.85885
  -2.81229
  -2.78167
  -2.75506
  -2.73061
  -2.71474
  -2.69228
  -2.66975
  -2.64675
  -2.62500
  -2.60223
  -2.58236
  -2.54989
  -2.51871
  -2.48091
  -2.44422
  -2.40296
  -2.36841
  -2.33347
  -2.29485
  -2.26094
  -2.24694
  -2.23980
  -2.22242
  -2.18884
  -2.15081
  -2.12254
  -2.08745
  -2.04085
  -1.99614
  -1.96375
  -1.93105
  -1.89494
  -1.87371
  -1.87077
  -1.84948
  -1.81823
  -1.78700
  -1.76256
  -1.74366
  -1.70985
  -1.65669
  -1.61919
  -1.59094
  -1.56149
  -1.53125
  -1.49742
  -1.46422
  -1.44599
  -1.42166
  -1.38897
  -1.35668
  -1.33048
  -1.30172
  -1.26849
  -1.23883
  -1.22069
  -1.19759
  -1.16559
  -1.11863
  -1.07544
  -1.04149
  -1.01230
  -0.99807
  -0.99097
  -0.97504
  -0.94958
  -0.91409
  -0.88173
  -0.85334
  -0.83283
  -0.80669
  -0.76440
  -0.74126
  -0.73354
  -0.71691
  -0.69698
  -0.67363
  -0.64274
  -0.61674
  -0.58137
  -0.54116
  -0.50983
  -0.48516
  -0.45951
  -0.43887
  -0.42097
  -0.40504
  -0.39256
  -0.37822
  -0.36782
  -0.34986
  -0.33810
  -0.33129
  -0.30939
  -0.27443
  -0.24459
  -0.21214
  -0.19009
  -0.17264
  -0.15860
  -0.14315
  -0.13553
  -0.12871
  -0.11652
  -0.09854
  -0.08601
  -0.06935
  -0.05012
  -0.02503
  -0.00582
   0.00583
   0.01970
   0.03885
   0.05657
   0.06948
   0.07845
   0.09564
   0.10967
   0.11769
   0.12340
   0.12858
   0.14702
   0.18840
   0.21191
   0.21178
   0.21468
   0.22372
   0.22972
   0.24555
   0.26245
   0.27613
   0.28457
   0.28539
   0.28842
   0.31130
   0.33594
   0.34785
   0.36104
   0.37453
   0.38435
   0.38868
   0.38619
   0.38795
   0.41118
   0.43307
   0.44555
   0.45085
   0.45650
   0.45789
   0.44695
   0.43709
   0.45482
   0.48879
   0.50634
   0.51701
   0.53134
   0.54186
   0.54819
   0.54736
   0.54353
   0.55431
   0.56623
   0.56051
   0.56626
   0.59030
   0.59859
   0.58654
   0.58199
   0.58033
   0.58414
   0.59927
   0.61067
   0.61480
   0.61895
   0.61777
   0.62450
   0.63190
   0.63063
   0.62114
   0.61812
   0.61660
   0.63335
   0.65170
   0.66015
   0.66008
   0.65596
   0.64893
   0.66351
   0.68592
   0.69435
   0.69521
   0.69788
   0.69687
   0.68775
   0.68780
   0.69978
   0.70280
   0.69537
   0.69501
   0.69889
   0.69731
   0.69463
   0.69309
   0.69244
   0.69957
   0.71050
   0.70752
   0.70846
   0.71802
   0.71588
   0.69930
   0.70158
   0.71040
   0.70322
   0.69580
   0.70323
   0.70666
   0.70225
   0.70545
   0.71292
   0.70879
   0.69827
   0.69192
   0.69310
   0.70021
   0.70330
   0.70192
   0.69967
   0.69978
   0.70217
   0.70820
   0.71325
   0.70888
   0.69985
   0.69958
   0.69304
   0.68750
   0.69282
   0.70526
   0.70986
   0.70705
   0.70252
   0.70532
   0.70232
   0.68459
   0.66817
   0.65864
   0.65351
   0.65731
   0.66229
   0.66591
   0.67089
   0.67402
   0.67809
   0.67884
   0.67092
   0.66962
   0.67824
   0.68980
   0.69299
   0.69193
   0.68749
   0.67313
   0.65353
   0.64029
   0.64207
   0.64792
   0.65255
   0.66258
   0.66486
   0.65395
   0.64514
   0.64525
   0.64531
   0.63892
   0.64160
   0.65328
   0.64464
   0.62255
   0.61058
   0.60650
   0.61640
   0.63045
   0.62949
   0.60246
   0.58729
   0.59124
   0.58726
   0.57868
   0.58163
   0.58961
   0.59402
   0.59182
   0.58989
   0.59939
   0.59652
   0.57934
   0.56673
   0.56171
   0.54691
   0.54244
   0.54223
   0.54055
   0.53623
   0.54153
   0.55402
   0.57175
   0.57653
   0.56477
   0.53862
   0.53129
   0.53549
   0.52993
   0.51385
   0.50705
   0.50686
   0.51565
   0.51791
   0.51138
   0.50493
   0.50733
   0.50041
   0.48939
   0.48154
   0.48559
   0.49061
   0.49266
   0.49427
   0.49640
   0.48628
   0.47644
   0.45970
   0.45316
   0.45935
   0.45014
   0.41823
   0.40112
   0.40257
   0.41437
   0.42795
   0.43743
   0.44264
   0.43534
   0.42805
   0.42457
   0.42449
   0.41978
   0.41798
   0.42209
   0.42235
   0.42038
   0.41818
   0.41593
   0.41422
   0.41023
   0.39993
   0.39414
   0.39069
   0.38495
   0.37767
   0.38259
   0.39329
   0.40187
   0.39805
   0.38490
   0.37522
   0.37739
   0.37076
   0.36644
   0.36183
   0.35938
   0.34956
   0.34333
   0.34133
   0.34186
   0.33781
   0.33611
   0.33024
   0.32580
   0.31625
   0.30312
   0.30732
   0.32062
   0.32017
   0.32076
   0.32298
   0.31866
   0.32029
   0.32147
   0.31357
   0.31111
   0.30489
   0.28358
   0.26700
   0.27494
   0.29568
   0.30279
   0.28953
   0.27527
   0.27485
   0.28383
   0.29706
   0.30111
   0.30439
   0.29843
   0.27819
   0.25653
   0.26182
   0.27202
   0.26581
   0.24328
   0.23347
   0.23647
   0.24699
   0.25896
   0.26430
   0.26039
   0.26086
   0.26185
   0.25790
   0.24963
   0.24060
   0.23473
   0.23748
   0.24877
   0.26154
   0.27089
   0.26661
   0.24978
   0.24003
   0.23767
   0.22769
   0.22473
   0.22263
   0.20813
   0.19866
   0.20027
   0.20224
   0.21041
   0.21955
   0.23079
   0.23273
   0.22251
   0.20394
   0.19189
   0.18604
   0.19276
   0.20133
   0.20014
   0.18261
   0.16628
   0.17396
   0.18969
   0.18451
   0.17174
   0.17532
   0.18358
   0.18978
   0.18222
   0.16920
   0.17222
   0.18680
   0.18712
   0.17429
   0.15866
   0.14736
   0.14685
   0.14750
   0.13975
   0.12815
   0.12993
   0.13960
   0.14994
   0.14687
   0.14551
   0.14522
   0.14253
   0.13205
   0.13225
   0.12993
   0.13101
   0.13125
   0.13573
   0.14198
   0.15486
   0.15533
   0.15594
   0.14418
   0.12724
   0.12093
   0.12120
   0.11313
   0.10469
   0.09353
   0.08373
   0.08330
   0.09754
   0.12037
   0.12848
   0.11072
   0.08296
   0.06364
   0.06259
   0.07462
   0.08851
   0.08975
   0.09338
   0.10159
   0.10948
   0.09822
   0.08898
   0.09021
   0.09255
   0.08746
   0.08958
   0.09269
   0.09929
   0.09900
   0.08848
   0.07962
   0.07453
   0.07417
   0.07513
   0.07803
   0.08464
   0.08753
   0.08309
   0.07852
   0.07076
   0.06694
   0.06934
   0.07014
   0.06756
   0.07372
   0.08788
   0.09851
   0.08531
   0.07035
   0.06334
   0.06456
   0.06397
   0.06486
   0.06446
   0.06992
   0.07669
   0.07988
   0.06808
   0.04212
   0.02126
   0.02609
   0.05184
   0.08184
   0.08688
   0.07403
   0.07173
   0.07765
   0.07732
   0.07129
   0.06413
   0.06777
   0.06275
   0.03979
   0.03014
   0.03320
   0.03511
   0.03363
   0.03045
   0.02662
   0.02102
   0.00910
   0.00586
   0.00703
   0.01579
   0.04041
   0.06270
   0.06098
   0.05003
   0.04001
   0.03713
   0.03007
   0.02066
   0.01539
   0.00911
   0.01145
   0.02345
   0.03679
   0.04335
   0.05040
   0.05281
   0.05426
   0.04850
   0.04436
   0.03581
   0.02987
   0.01856
   0.00625
  -0.00258
   0.00120
   0.00745
   0.01277
   0.01654
   0.02612
   0.03109
   0.02093
   0.00820
   0.00788
   0.01456
   0.01577
   0.01433
   0.01396
   0.01722
   0.01921
   0.01544
   0.00954
   0.00238
   0.00131
   0.00753
   0.00773
   0.00413
   0.00337
  -0.00634
  -0.00096
   0.02296
   0.03447
   0.02844
   0.01382
   0.00341
  -0.00061
  -0.00431
  -0.00581
  -0.00372
  -0.01165
  -0.01151
  -0.00228
   0.00479
  -0.00051
  -0.00093
   0.00979
   0.02350
   0.02483
   0.01445
   0.00189
  -0.00249
   0.00655
   0.01933
   0.01735
   0.00237
  -0.00306
  -0.00151
   0.00134
   0.00644
   0.00482
   0.00787
   0.02127
   0.02473
   0.02228
   0.01785
   0.00724
   0.00417
   0.00454
   0.00694
   0.01625
   0.01358
   0.00505
   0.00158
  -0.00187
  -0.00146
   0.00334
  -0.00103
  -0.00670
  -0.00204
   0.01710
   0.04356
   0.05035
   0.03416
   0.01889
   0.01277
   0.00149
  -0.00306
   0.01524
   0.03398
   0.02662
   0.01584
   0.00648
  -0.00108
   0.00911
   0.03203
   0.03468
   0.02599
   0.01717
   0.01526
   0.01550
   0.01000
   0.00897
   0.02801
   0.05143
   0.05311
   0.04703
   0.03895
   0.03207
   0.01530
   0.01216
   0.01843
   0.02137
   0.01346
   0.01255
   0.00433
  -0.00885
  -0.01157
   0.00476
   0.01787
   0.01772
   0.01661
   0.02026
   0.01373
   0.01506
   0.02098
   0.01983
   0.02090
   0.02952
   0.02791
   0.01326
  -0.00970
  -0.00554
   0.01088
   0.01553
   0.01434
   0.01588
   0.01665
   0.02606
   0.01858
   0.00295
   0.00218
   0.00695
   0.00130
  -0.00336
  -0.01027
  -0.00966
  -0.00307
   0.00022
  -0.00109
  -0.00594
  -0.00191
   0.01761
   0.02601
   0.02042
   0.01568
   0.01394
   0.00323
  -0.00188
   0.00299
  -0.00132
  -0.01870
  -0.03224
  -0.03928
  -0.02985
  -0.02181
  -0.01828
  -0.01502
  -0.00986
  -0.00889
  -0.00873
   0.00779
   0.02530
   0.01936
   0.01002
   0.01921
   0.01958
   0.01392
   0.00816
   0.00248
   0.00017
   0.01031
   0.00597
  -0.00044
  -0.00431
  -0.01612
  -0.02310
  -0.01006
   0.00101
  -0.00511
  -0.00125
   0.02484
   0.04321
   0.03695
   0.02413
   0.01004
   0.00589
   0.00243
   0.00435
   0.00069
   0.00196
   0.00688
   0.00965
  -0.00248
  -0.01374
  -0.00965
   0.01691
   0.02391
   0.00425
  -0.00358
   0.00306
  -0.00178
  -0.01013
  -0.00608
   0.00102
   0.00729
   0.00907
   0.01424
   0.02699
   0.03442
   0.02063
   0.00738
   0.00508
   0.00890
   0.01586
   0.01646
   0.01315
   0.01949
   0.02425
   0.02447
   0.02499
   0.02531
   0.03533
   0.05502
   0.06252
   0.05017
   0.04163
   0.05463
   0.06569
   0.05726
   0.04561
   0.04401
   0.05213
   0.05444
   0.04529
   0.04475
   0.05075
   0.05379
   0.06094
   0.06852
   0.06408
   0.05241
   0.04965
   0.05801
   0.06708
   0.07167
   0.08096
   0.08067
   0.07400
   0.08380
   0.09981
   0.09341
   0.07858
   0.07690
   0.08085
   0.08359
   0.08583
   0.09267
   0.09343
   0.08271
   0.06936
   0.06344
   0.07003
   0.09129
   0.10887
   0.09424
   0.07863
   0.08060
   0.07820
   0.08136
   0.10484
   0.12027
   0.12048
   0.11767
   0.11322
   0.10521
   0.09381
   0.09525
   0.10749
   0.11507
   0.11302
   0.11530
   0.11836
   0.11791
   0.11636
   0.12098
   0.13182
   0.13625
   0.13085
   0.11002
   0.12228
   0.09270
