   0.04362
   0.00903
  -0.01977
  -0.01632
   0.06377
   0.40726
   1.13830
   2.31461
   3.96244
   5.87060
   7.89516
   9.67624
  11.67774
  13.45865
  13.66601
  12.41821
  11.24145
  10.63878
  10.00720
   9.42797
   8.76413
   8.08180
   7.39526
   6.75728
   6.18468
   5.68103
   5.25345
   4.86644
   4.47811
   4.10743
   3.78267
   3.46979
   3.15149
   2.84858
   2.56112
   2.25801
   1.97398
   1.73443
   1.52100
   1.30317
   1.07660
   0.85356
   0.62640
   0.40981
   0.21255
   0.02552
  -0.16233
  -0.33783
  -0.51105
  -0.68420
  -0.83575
  -0.98041
  -1.12219
  -1.25192
  -1.38101
  -1.51107
  -1.61019
  -1.70491
  -1.81809
  -1.93477
  -2.03257
  -2.11409
  -2.20124
  -2.30756
  -2.40373
  -2.47086
  -2.54851
  -2.63169
  -2.68798
  -2.72279
  -2.76976
  -2.81907
  -2.86048
  -2.89037
  -2.91830
  -2.94788
  -2.98141
  -3.00875
  -3.01649
  -3.03477
  -3.06643
  -3.09423
  -3.10911
  -3.11128
  -3.10654
  -3.11397
  -3.12900
  -3.12433
  -3.11852
  -3.12492
  -3.11858
  -3.12133
  -3.13665
  -3.13925
  -3.12942
  -3.13484
  -3.12328
  -3.08548
  -3.05377
  -3.03047
  -3.01595
  -2.99952
  -2.98558
  -2.97204
  -2.96407
  -2.95336
  -2.95000
  -2.93807
  -2.91208
  -2.88885
  -2.86235
  -2.82579
  -2.78276
  -2.77200
  -2.76938
  -2.74722
  -2.71314
  -2.68485
  -2.64373
  -2.59605
  -2.56253
  -2.52488
  -2.48939
  -2.47132
  -2.45620
  -2.41544
  -2.37102
  -2.34420
  -2.32547
  -2.31175
  -2.28787
  -2.24800
  -2.21421
  -2.19357
  -2.17017
  -2.14246
  -2.10747
  -2.07248
  -2.05005
  -2.00625
  -1.94470
  -1.91432
  -1.91246
  -1.88927
  -1.85259
  -1.81831
  -1.80149
  -1.78258
  -1.73586
  -1.67620
  -1.63668
  -1.62291
  -1.61950
  -1.62073
  -1.60188
  -1.55602
  -1.51185
  -1.49091
  -1.46603
  -1.40594
  -1.35415
  -1.33799
  -1.33474
  -1.31683
  -1.27959
  -1.22590
  -1.17067
  -1.12494
  -1.11219
  -1.11980
  -1.10712
  -1.07778
  -1.04691
  -1.01357
  -0.97561
  -0.96258
  -0.94769
  -0.92344
  -0.90135
  -0.89259
  -0.86579
  -0.82461
  -0.79280
  -0.76825
  -0.73599
  -0.70136
  -0.68208
  -0.65959
  -0.62918
  -0.60749
  -0.59871
  -0.56438
  -0.53906
  -0.53613
  -0.53539
  -0.52193
  -0.51831
  -0.51967
  -0.50062
  -0.45823
  -0.41189
  -0.37922
  -0.35832
  -0.35994
  -0.36095
  -0.33991
  -0.30270
  -0.27551
  -0.24270
  -0.20687
  -0.18999
  -0.18467
  -0.16206
  -0.13533
  -0.13931
  -0.15598
  -0.14923
  -0.13209
  -0.11762
  -0.09323
  -0.07124
  -0.05995
  -0.04447
  -0.03016
  -0.02289
   0.00517
   0.03486
   0.03871
   0.04058
   0.06054
   0.08833
   0.09820
   0.10040
   0.10671
   0.10227
   0.09453
   0.11122
   0.14413
   0.15027
   0.15275
   0.18284
   0.20866
   0.20844
   0.21440
   0.22419
   0.22052
   0.22899
   0.25017
   0.27316
   0.29815
   0.31963
   0.33673
   0.34735
   0.33417
   0.31758
   0.32503
   0.33706
   0.33448
   0.33903
   0.35664
   0.35897
   0.35510
   0.37306
   0.39024
   0.38268
   0.37850
   0.38616
   0.38311
   0.38503
   0.40836
   0.43091
   0.43020
   0.42743
   0.44436
   0.46059
   0.45707
   0.44707
   0.45152
   0.46050
   0.47064
   0.48882
   0.50403
   0.50446
   0.50549
   0.52330
   0.52810
   0.52504
   0.52923
   0.53981
   0.54593
   0.54684
   0.53685
   0.51806
   0.52514
   0.54819
   0.56115
   0.55961
   0.56403
   0.56622
   0.55429
   0.53674
   0.52602
   0.52229
   0.51195
   0.50520
   0.52778
   0.56360
   0.57473
   0.57613
   0.57638
   0.57035
   0.57045
   0.58593
   0.58912
   0.58261
   0.58665
   0.59412
   0.58777
   0.57111
   0.56946
   0.58503
   0.60308
   0.59988
   0.57470
   0.56811
   0.59051
   0.59270
   0.57500
   0.57249
   0.57917
   0.58495
   0.59065
   0.58677
   0.57792
   0.58640
   0.60155
   0.60841
   0.60046
   0.59035
   0.58330
   0.56823
   0.54865
   0.54267
   0.55650
   0.57525
   0.59109
   0.59390
   0.58289
   0.55613
   0.53190
   0.53964
   0.56867
   0.58799
   0.59308
   0.59337
   0.58638
   0.58275
   0.58730
   0.58163
   0.57316
   0.57237
   0.58015
   0.58396
   0.57500
   0.55841
   0.55517
   0.57369
   0.58506
   0.57394
   0.57032
   0.56260
   0.54349
   0.53954
   0.54292
   0.53809
   0.53649
   0.53763
   0.53456
   0.54288
   0.54253
   0.52686
   0.52521
   0.54085
   0.53906
   0.52876
   0.53071
   0.52651
   0.51287
   0.52071
   0.53618
   0.51726
   0.49348
   0.49989
   0.51146
   0.51822
   0.51821
   0.50476
   0.48119
   0.47650
   0.48809
   0.48397
   0.47615
   0.47544
   0.47921
   0.48453
   0.49375
   0.50133
   0.49724
   0.50392
   0.51636
   0.51272
   0.48884
   0.46212
   0.45420
   0.44982
   0.44907
   0.43897
   0.44124
   0.45597
   0.45763
   0.44544
   0.43958
   0.44286
   0.44296
   0.44589
   0.44213
   0.43427
   0.43042
   0.42163
   0.41533
   0.42530
   0.43366
   0.42711
   0.41985
   0.41416
   0.40959
   0.40013
   0.38634
   0.36847
   0.35882
   0.35472
   0.36088
   0.38176
   0.40191
   0.41089
   0.40687
   0.40260
   0.40247
   0.41041
   0.41303
   0.39602
   0.38059
   0.36516
   0.34647
   0.34683
   0.37355
   0.37840
   0.35089
   0.32313
   0.31067
   0.31533
   0.32394
   0.34600
   0.36186
   0.35813
   0.33053
   0.31384
   0.31859
   0.32968
   0.32920
   0.32614
   0.33186
   0.33769
   0.33215
   0.30919
   0.28244
   0.28164
   0.29766
   0.29719
   0.29485
   0.30445
   0.29826
   0.27853
   0.28238
   0.29731
   0.29506
   0.27643
   0.25612
   0.25027
   0.26930
   0.27996
   0.27556
   0.26461
   0.25852
   0.26058
   0.26028
   0.25970
   0.25909
   0.25787
   0.25274
   0.24479
   0.23907
   0.24027
   0.25612
   0.27071
   0.27027
   0.27558
   0.28582
   0.27445
   0.24634
   0.24636
   0.25662
   0.25260
   0.23645
   0.21979
   0.21225
   0.21581
   0.21763
   0.21510
   0.21676
   0.21409
   0.21471
   0.20629
   0.19230
   0.19306
   0.20946
   0.21377
   0.20067
   0.18645
   0.17268
   0.17394
   0.18911
   0.19185
   0.17562
   0.16717
   0.17316
   0.18208
   0.19039
   0.19868
   0.20170
   0.19248
   0.18372
   0.17206
   0.17004
   0.17216
   0.16753
   0.16302
   0.16196
   0.16378
   0.17315
   0.18234
   0.18205
   0.17498
   0.16463
   0.14811
   0.13745
   0.14389
   0.15295
   0.15071
   0.14692
   0.16599
   0.16748
   0.14257
   0.13832
   0.13761
   0.12796
   0.11918
   0.11392
   0.11163
   0.10530
   0.09589
   0.09586
   0.10969
   0.10508
   0.10399
   0.11114
   0.10815
   0.10380
   0.11015
   0.11772
   0.12806
   0.14813
   0.16853
   0.17406
   0.16501
   0.15726
   0.14731
   0.14221
   0.14431
   0.13732
   0.11370
   0.10394
   0.11347
   0.12335
   0.11686
   0.10931
   0.10222
   0.09524
   0.08823
   0.08597
   0.09094
   0.08988
   0.08911
   0.08417
   0.08328
   0.08129
   0.08761
   0.08145
   0.05751
   0.05635
   0.07599
   0.08409
   0.08112
   0.08446
   0.07850
   0.07186
   0.08723
   0.10427
   0.10926
   0.09956
   0.09373
   0.08825
   0.07718
   0.07248
   0.07261
   0.06791
   0.05209
   0.05438
   0.06100
   0.07576
   0.08586
   0.08606
   0.08034
   0.07851
   0.08210
   0.07440
   0.06152
   0.05452
   0.05831
   0.05880
   0.04893
   0.03128
   0.02401
   0.03226
   0.04891
   0.04761
   0.02414
   0.02625
   0.05169
   0.06060
   0.05326
   0.05201
   0.05581
   0.06554
   0.07057
   0.05829
   0.04993
   0.04584
   0.03728
   0.01847
   0.00340
  -0.00061
  -0.00070
  -0.00448
   0.00755
   0.03488
   0.04658
   0.03582
   0.02933
   0.04280
   0.03767
   0.01747
   0.00303
   0.00294
   0.00417
   0.01359
   0.03384
   0.04579
   0.04954
   0.03609
   0.01645
   0.00977
   0.02267
   0.02667
   0.00828
  -0.00029
   0.00458
   0.01415
   0.01815
   0.02072
   0.01453
   0.01115
   0.02485
   0.03650
   0.03340
   0.01456
   0.01657
   0.02478
   0.01746
   0.00658
  -0.00015
  -0.01737
  -0.02088
  -0.00718
  -0.00264
   0.00356
   0.01242
   0.00932
  -0.01852
  -0.03720
  -0.01860
   0.00842
   0.01444
   0.01263
   0.01055
  -0.00064
   0.00604
   0.00654
  -0.00526
  -0.00196
   0.00833
   0.00808
  -0.00136
  -0.01147
  -0.02119
  -0.03024
  -0.03501
  -0.02925
  -0.01505
  -0.00582
  -0.00582
  -0.00934
  -0.01673
  -0.01300
  -0.00682
   0.00266
   0.01239
   0.01579
   0.00846
   0.00475
   0.01185
   0.01866
   0.02879
   0.04181
   0.04030
   0.01710
  -0.00178
  -0.00312
   0.00039
   0.00443
   0.01202
   0.01511
  -0.00510
  -0.02650
  -0.02031
  -0.00570
  -0.00760
  -0.01934
  -0.03217
  -0.04188
  -0.02296
  -0.00485
  -0.01279
  -0.02325
  -0.01929
  -0.01385
  -0.01572
  -0.01673
  -0.01555
  -0.01437
  -0.02620
  -0.04542
  -0.06542
  -0.07085
  -0.05239
  -0.03330
  -0.02935
  -0.03554
  -0.04854
  -0.05272
  -0.03979
  -0.02981
  -0.03050
  -0.02968
  -0.02564
  -0.01170
  -0.00471
  -0.01041
  -0.00380
   0.01528
   0.01618
   0.00544
   0.01289
   0.01332
  -0.00900
  -0.01869
   0.00500
   0.01609
  -0.00128
  -0.01908
  -0.01002
   0.01200
   0.02243
   0.01175
  -0.00795
  -0.01887
  -0.01934
  -0.02655
  -0.04083
  -0.05442
  -0.06078
  -0.05886
  -0.04394
  -0.03165
  -0.02284
  -0.01237
  -0.01243
  -0.02057
  -0.02516
  -0.01183
   0.00199
   0.00301
  -0.00863
  -0.01480
  -0.01758
  -0.01922
  -0.01431
  -0.01974
  -0.02566
  -0.01236
  -0.00345
  -0.00527
   0.00636
   0.00711
  -0.00941
  -0.00066
   0.01791
   0.02153
   0.01369
   0.00504
  -0.00992
  -0.02586
  -0.03173
  -0.01604
  -0.00334
  -0.01652
  -0.03237
  -0.02318
  -0.00456
  -0.00005
  -0.00260
   0.00360
   0.01132
   0.01496
   0.01791
   0.01402
  -0.00331
  -0.01719
  -0.01916
  -0.01247
  -0.00462
  -0.00749
  -0.01309
  -0.03247
  -0.04723
  -0.04635
  -0.03338
  -0.02299
  -0.00190
   0.01068
  -0.00212
  -0.02175
  -0.03689
  -0.02831
  -0.01347
  -0.01453
  -0.02614
  -0.02711
  -0.03010
  -0.02935
  -0.03270
  -0.03696
  -0.02788
  -0.01177
  -0.00551
  -0.00305
   0.00382
  -0.00237
  -0.01024
   0.00048
   0.01013
  -0.00654
  -0.01556
  -0.01276
  -0.02656
  -0.03195
  -0.01751
  -0.01142
  -0.02269
  -0.03885
  -0.03789
  -0.01865
   0.00703
   0.03399
   0.05181
   0.03277
   0.00103
   0.00203
   0.02495
   0.03652
   0.02713
   0.01758
   0.01171
   0.01468
   0.01297
   0.00558
   0.00651
   0.02035
   0.03167
   0.02899
   0.02517
   0.01711
   0.02423
   0.04237
   0.06441
   0.06977
   0.05652
   0.05290
   0.05114
   0.03890
   0.01744
   0.00788
   0.00500
   0.01370
   0.03569
   0.05331
   0.05128
   0.03637
   0.02420
   0.01968
   0.01973
   0.01959
   0.02304
   0.02650
   0.02665
   0.03439
   0.04878
   0.05510
   0.05257
   0.04075
   0.03166
   0.03373
   0.04064
   0.03978
   0.03952
   0.03562
   0.02913
   0.03435
   0.04748
   0.05305
   0.05551
   0.06412
   0.07617
   0.07447
   0.06250
   0.05779
   0.06733
   0.06491
   0.05590
   0.06698
   0.07740
   0.07185
   0.06250
   0.05154
   0.03574
   0.03252
   0.02667
   0.01456
   0.01107
   0.02979
   0.05330
   0.07366
   0.08793
   0.09033
   0.08699
   0.08199
   0.07936
   0.08145
   0.08917
   0.09478
   0.09518
   0.09344
   0.09595
   0.10671
   0.11177
   0.09645
   0.09623
   0.11633
   0.11262
   0.09072
   0.08645
   0.10039
   0.10742
   0.10962
   0.10490
   0.09625
   0.09198
   0.08042
   0.07269
   0.07913
   0.09573
   0.10499
   0.11323
   0.11023
   0.11182
   0.12289
   0.14064
   0.15381
   0.15812
   0.15577
   0.12046
   0.11106
   0.09933
   0.04900
