   0.0000
   3.74988
   5.38849
   7.07831
   8.58637
  10.05035
  11.37773
  11.83239
  11.18248
  10.22172
   9.54171
   8.97169
   8.41308
   7.82604
   7.19953
   6.56332
   5.99262
   5.52370
   5.09346
   4.67110
   4.28148
   3.93632
   3.62035
   3.31959
   3.04120
   2.77869
   2.51776
   2.25908
   2.02038
   1.78791
   1.55420
   1.33454
   1.12450
   0.91596
   0.71244
   0.51754
   0.33214
   0.15421
  -0.02347
  -0.18645
  -0.32882
  -0.48048
  -0.63252
  -0.76937
  -0.90487
  -1.04481
  -1.16979
  -1.28015
  -1.39150
  -1.49554
  -1.59444
  -1.68545
  -1.76890
  -1.84126
  -1.91001
  -1.98274
  -2.04822
  -2.11385
  -2.18088
  -2.24390
  -2.29741
  -2.34592
  -2.38381
  -2.41533
  -2.45243
  -2.49335
  -2.53693
  -2.58281
  -2.62083
  -2.64896
  -2.67328
  -2.69793
  -2.72047
  -2.73812
  -2.74900
  -2.74202
  -2.73358
  -2.73518
  -2.74391
  -2.74602
  -2.74635
  -2.74389
  -2.74008
  -2.73618
  -2.72653
  -2.71873
  -2.71873
  -2.72689
  -2.72785
  -2.70534
  -2.67053
  -2.64679
  -2.63961
  -2.63959
  -2.63980
  -2.63012
  -2.61176
  -2.59338
  -2.57478
  -2.55412
  -2.53519
  -2.51667
  -2.49125
  -2.45513
  -2.42178
  -2.40480
  -2.39407
  -2.38150
  -2.35861
  -2.33995
  -2.31154
  -2.27975
  -2.25674
  -2.23710
  -2.21045
  -2.18502
  -2.16182
  -2.12505
  -2.09373
  -2.06820
  -2.03796
  -2.00095
  -1.97488
  -1.95674
  -1.92958
  -1.89588
  -1.86865
  -1.84229
  -1.82088
  -1.79968
  -1.76407
  -1.72874
  -1.69461
  -1.64655
  -1.61557
  -1.60436
  -1.57884
  -1.54819
  -1.53251
  -1.51724
  -1.49083
  -1.46228
  -1.43597
  -1.42033
  -1.39942
  -1.37408
  -1.35031
  -1.32114
  -1.28495
  -1.25336
  -1.23205
  -1.21502
  -1.19460
  -1.16790
  -1.13484
  -1.09810
  -1.07002
  -1.06187
  -1.04663
  -1.00922
  -0.97466
  -0.95986
  -0.94129
  -0.91167
  -0.89209
  -0.87822
  -0.85636
  -0.82259
  -0.79378
  -0.77809
  -0.76722
  -0.73788
  -0.70559
  -0.69134
  -0.67918
  -0.65284
  -0.62930
  -0.61047
  -0.58585
  -0.55370
  -0.52724
  -0.50356
  -0.47369
  -0.44510
  -0.43043
  -0.42767
  -0.41186
  -0.38423
  -0.36383
  -0.36624
  -0.36243
  -0.34151
  -0.31990
  -0.30907
  -0.29892
  -0.28357
  -0.26342
  -0.23768
  -0.21591
  -0.20115
  -0.18863
  -0.18227
  -0.18262
  -0.16777
  -0.13925
  -0.11937
  -0.10734
  -0.09665
  -0.08771
  -0.07557
  -0.06229
  -0.04884
  -0.02794
  -0.00883
  -0.00133
   0.00979
   0.03381
   0.04840
   0.04918
   0.05733
   0.07039
   0.07899
   0.08884
   0.10453
   0.11289
   0.12394
   0.13610
   0.13507
   0.12817
   0.13209
   0.14844
   0.16618
   0.18792
   0.20929
   0.22423
   0.23215
   0.24611
   0.26625
   0.28759
   0.31083
   0.32397
   0.31821
   0.31373
   0.30842
   0.29839
   0.30219
   0.31987
   0.32287
   0.31601
   0.31832
   0.33589
   0.35306
   0.35532
   0.35770
   0.36895
   0.37605
   0.36897
   0.36530
   0.37716
   0.40568
   0.42659
   0.43189
   0.42329
   0.41204
   0.40844
   0.41609
   0.41821
   0.42112
   0.43006
   0.43409
   0.43311
   0.43299
   0.43353
   0.43398
   0.44384
   0.45406
   0.46078
   0.46597
   0.47556
   0.48211
   0.48709
   0.48490
   0.47934
   0.48069
   0.48901
   0.49083
   0.49059
   0.50095
   0.51026
   0.51236
   0.51187
   0.52248
   0.53009
   0.52169
   0.50412
   0.49325
   0.50065
   0.51659
   0.52920
   0.53372
   0.53732
   0.53330
   0.53043
   0.53535
   0.54360
   0.54757
   0.53872
   0.52449
   0.52011
   0.53452
   0.54725
   0.53978
   0.52609
   0.53002
   0.53960
   0.53977
   0.53953
   0.54074
   0.53827
   0.54172
   0.54889
   0.55471
   0.55825
   0.55314
   0.54101
   0.53674
   0.54071
   0.53688
   0.52317
   0.51888
   0.52153
   0.52445
   0.53176
   0.54104
   0.54375
   0.53733
   0.53243
   0.53188
   0.53470
   0.53184
   0.53211
   0.54502
   0.54741
   0.53992
   0.54288
   0.55261
   0.54609
   0.53185
   0.52824
   0.52690
   0.51771
   0.51223
   0.51282
   0.51361
   0.51675
   0.51744
   0.51869
   0.52661
   0.52637
   0.51364
   0.51606
   0.52695
   0.51912
   0.50241
   0.49996
   0.50560
   0.50476
   0.49732
   0.49397
   0.49456
   0.49193
   0.49065
   0.49792
   0.51140
   0.50990
   0.49773
   0.48683
   0.48384
   0.49281
   0.49707
   0.48808
   0.47983
   0.48240
   0.47888
   0.46495
   0.45593
   0.45163
   0.45022
   0.45095
   0.45674
   0.45719
   0.44790
   0.45013
   0.45987
   0.45742
   0.43633
   0.42565
   0.42873
   0.43409
   0.43755
   0.43701
   0.44406
   0.44839
   0.44731
   0.44489
   0.44120
   0.42956
   0.42129
   0.42152
   0.41808
   0.41642
   0.41913
   0.41237
   0.40292
   0.40870
   0.41902
   0.41258
   0.39784
   0.39696
   0.40281
   0.40552
   0.40060
   0.39049
   0.38504
   0.38247
   0.37815
   0.37410
   0.38440
   0.40029
   0.40269
   0.39572
   0.38552
   0.37372
   0.36350
   0.36090
   0.35741
   0.34947
   0.34039
   0.33327
   0.33215
   0.33457
   0.33203
   0.33040
   0.33295
   0.32114
   0.31033
   0.31798
   0.32799
   0.32162
   0.31536
   0.32107
   0.32393
   0.31987
   0.31233
   0.31235
   0.31691
   0.32970
   0.33328
   0.31577
   0.30165
   0.30763
   0.31151
   0.31062
   0.32162
   0.32894
   0.31474
   0.29413
   0.29219
   0.29676
   0.29348
   0.28953
   0.29038
   0.29303
   0.28954
   0.28453
   0.28474
   0.28787
   0.28613
   0.28985
   0.29441
   0.28273
   0.27143
   0.26925
   0.26501
   0.25633
   0.25669
   0.25608
   0.25168
   0.25277
   0.25589
   0.25448
   0.24801
   0.24643
   0.24583
   0.24470
   0.24108
   0.24451
   0.25373
   0.25371
   0.24684
   0.24675
   0.25159
   0.25268
   0.24939
   0.24975
   0.24562
   0.23341
   0.22663
   0.22888
   0.23412
   0.23707
   0.23585
   0.22848
   0.22549
   0.21885
   0.20166
   0.19341
   0.20192
   0.21533
   0.21941
   0.21389
   0.21131
   0.20949
   0.20616
   0.20049
   0.19977
   0.19550
   0.18777
   0.18297
   0.18549
   0.18324
   0.17262
   0.16611
   0.16429
   0.15488
   0.14594
   0.15127
   0.15663
   0.16011
   0.16784
   0.16685
   0.15342
   0.15782
   0.17606
   0.17484
   0.16151
   0.15656
   0.15835
   0.15120
   0.15281
   0.15542
   0.14748
   0.13714
   0.13226
   0.13067
   0.13254
   0.14567
   0.14988
   0.14806
   0.13756
   0.12403
   0.11526
   0.11456
   0.10974
   0.10158
   0.09238
   0.08717
   0.08505
   0.09072
   0.09837
   0.10534
   0.10342
   0.09229
   0.08765
   0.08690
   0.08520
   0.07900
   0.08075
   0.08947
   0.09380
   0.09220
   0.09900
   0.11080
   0.10866
   0.09966
   0.09479
   0.09209
   0.08501
   0.07695
   0.07363
   0.08066
   0.08527
   0.07227
   0.06927
   0.08509
   0.09402
   0.08696
   0.08098
   0.07436
   0.06666
   0.07212
   0.08277
   0.09236
   0.09550
   0.08897
   0.07467
   0.06465
   0.06111
   0.06195
   0.06575
   0.06367
   0.05857
   0.05241
   0.05790
   0.06102
   0.05589
   0.05274
   0.05038
   0.04305
   0.03718
   0.04011
   0.04800
   0.05581
   0.05251
   0.04975
   0.06022
   0.06156
   0.04941
   0.04070
   0.03162
   0.02677
   0.03211
   0.03902
   0.04156
   0.04605
   0.04707
   0.04670
   0.04290
   0.03384
   0.03130
   0.03513
   0.04110
   0.04431
   0.04384
   0.04172
   0.04387
   0.03823
   0.03034
   0.03284
   0.03564
   0.03744
   0.03827
   0.04307
   0.04656
   0.04452
   0.04143
   0.03460
   0.03032
   0.02272
   0.01514
   0.00233
   0.00210
   0.01167
   0.02158
   0.02757
   0.02887
   0.03087
   0.02721
   0.02100
   0.02548
   0.03593
   0.03609
   0.04130
   0.05707
   0.06259
   0.04267
   0.02060
   0.02036
   0.03498
   0.04229
   0.03132
   0.01957
   0.01307
   0.01525
   0.01834
   0.01940
   0.02874
   0.03552
   0.03666
   0.03830
   0.04426
   0.03600
   0.02011
   0.01175
   0.01425
   0.01382
   0.01247
   0.01315
   0.02237
   0.02932
   0.02867
   0.02556
   0.02459
   0.01990
   0.01473
   0.02667
   0.03296
   0.02436
   0.01983
   0.02251
   0.01845
   0.00680
   0.00108
   0.01116
   0.02196
   0.01424
   0.00004
  -0.00252
   0.00123
   0.00837
   0.01572
   0.01421
   0.01130
   0.00655
   0.00884
   0.02228
   0.03686
   0.03621
   0.02578
   0.01848
   0.01185
   0.01942
   0.02772
   0.02675
   0.02330
   0.02069
   0.01852
   0.01867
   0.01311
   0.00658
   0.01243
   0.00999
   0.00243
   0.00838
   0.00719
  -0.00580
  -0.01038
  -0.00841
  -0.01111
  -0.00222
   0.01977
   0.03265
   0.02812
   0.02445
   0.02640
   0.02263
   0.01856
   0.02599
   0.03422
   0.03231
   0.02708
   0.03002
   0.03569
   0.03682
   0.03314
   0.02607
   0.01831
   0.01481
   0.01669
   0.01920
   0.01935
   0.00634
  -0.00750
  -0.01145
   0.00117
   0.01507
   0.02062
   0.01323
   0.00148
  -0.00130
   0.00932
   0.02658
   0.03227
   0.02943
   0.01866
   0.00065
  -0.01562
  -0.01371
  -0.00333
   0.00027
   0.00058
   0.00630
   0.01919
   0.02664
   0.02475
   0.02028
   0.01379
   0.00620
   0.01272
   0.02440
   0.01970
   0.00965
   0.00763
   0.00675
   0.00772
   0.01399
   0.01266
   0.00372
   0.00360
   0.01495
   0.02266
   0.02185
   0.02014
   0.01877
   0.01464
   0.00941
   0.00271
   0.00822
   0.01923
   0.02430
   0.02231
   0.01677
   0.01538
   0.01843
   0.02392
   0.01809
   0.01064
   0.00459
   0.00386
   0.00571
   0.00654
   0.01250
   0.02295
   0.03532
   0.04113
   0.04078
   0.03585
   0.03804
   0.03944
   0.03751
   0.03884
   0.04186
   0.04032
   0.02864
   0.01357
   0.01087
   0.01909
   0.02407
   0.02411
   0.02742
   0.03190
   0.02468
   0.00950
   0.00045
   0.01184
   0.01936
   0.01588
   0.00103
  -0.00812
   0.00638
   0.03036
   0.04454
   0.04397
   0.04248
   0.02869
   0.01440
   0.00905
   0.01203
   0.01336
   0.01309
   0.01015
   0.00574
   0.01054
   0.02226
   0.02611
   0.01657
   0.00985
   0.00822
   0.00373
  -0.00471
  -0.00166
   0.01483
   0.03051
   0.02764
   0.01411
   0.00986
   0.01001
   0.00618
   0.00053
  -0.00284
  -0.00396
  -0.00456
  -0.00342
  -0.00442
  -0.00692
  -0.00635
  -0.00239
  -0.00472
  -0.00394
   0.00902
   0.01913
   0.02458
   0.02982
   0.03462
   0.03204
   0.03088
   0.03245
   0.03633
   0.03062
   0.02280
   0.02965
   0.03665
   0.03532
   0.03038
   0.02803
   0.02456
   0.02401
   0.02700
   0.02426
   0.01614
   0.00421
  -0.00807
  -0.01232
  -0.00404
   0.00880
   0.01344
   0.01891
   0.02739
   0.02975
   0.02931
   0.03254
   0.03397
   0.04071
   0.04813
   0.04573
   0.03843
   0.03837
   0.03871
   0.04038
   0.04731
   0.05035
   0.05243
   0.04317
   0.04319
   0.05414
   0.05909
   0.04804
   0.03883
   0.03960
   0.04579
   0.05148
   0.05237
   0.05653
   0.05963
   0.06176
   0.06400
   0.06461
   0.06427
   0.06379
   0.05739
   0.05340
   0.05104
   0.04874
   0.05255
   0.06628
   0.07950
   0.08599
   0.08593
   0.08141
   0.07221
   0.06429
   0.06371
   0.07065
   0.07425
   0.07440
   0.06993
   0.06294
   0.06576
   0.07853
   0.08990
   0.09568
   0.09953
   0.09711
   0.09786
   0.09916
   0.09742
   0.09170
   0.08908
   0.08767
   0.09215
   0.09205
   0.08416
   0.08984
   0.08911
   0.08042
   0.08281
   0.08598
   0.08755
   0.08425
   0.08218
   0.07244
   0.06561
   0.06561
   0.06561
   0.06561
   0.06561
   0.06561
   0.06561
   0.06561
   0.06561
   0.06561
   0.06459
   0.06561
   0.06561
   0.06561
   0.06561
   0.06561
   0.06561
   0.06561
   0.06561
   0.06561
   0.06561
   0.06561
   0.04000
