   0.12471
   0.20900
   0.26202
   0.35300
   0.46016
   0.65436
   0.98384
   1.49872
   2.28258
   3.37959
   4.73693
   6.16571
   7.53964
   8.72737
  10.07482
  10.85122
  10.35210
   9.30567
   8.62998
   8.05822
   7.59026
   7.17392
   6.83237
   6.55404
   6.31176
   6.09555
   5.89068
   5.67284
   5.43343
   5.17901
   4.92563
   4.68256
   4.43639
   4.18316
   3.93724
   3.69223
   3.45239
   3.22326
   3.00101
   2.79210
   2.59341
   2.39008
   2.19889
   2.02107
   1.83312
   1.64836
   1.48103
   1.30977
   1.13100
   0.96492
   0.82011
   0.67691
   0.52336
   0.37132
   0.23692
   0.10789
  -0.02298
  -0.14918
  -0.26384
  -0.38403
  -0.50740
  -0.62358
  -0.73650
  -0.84877
  -0.94881
  -1.03731
  -1.12344
  -1.20756
  -1.28645
  -1.36611
  -1.44765
  -1.52352
  -1.59468
  -1.66728
  -1.73985
  -1.81142
  -1.87024
  -1.92717
  -1.98966
  -2.04593
  -2.08759
  -2.13074
  -2.18300
  -2.23979
  -2.28421
  -2.32308
  -2.36729
  -2.40857
  -2.44506
  -2.48648
  -2.52593
  -2.55219
  -2.56451
  -2.57592
  -2.60105
  -2.63076
  -2.65342
  -2.67465
  -2.69228
  -2.70648
  -2.71976
  -2.73744
  -2.75753
  -2.77045
  -2.77164
  -2.77920
  -2.79622
  -2.80970
  -2.81024
  -2.80911
  -2.81499
  -2.82580
  -2.82170
  -2.80568
  -2.79860
  -2.79913
  -2.78998
  -2.77753
  -2.76591
  -2.75684
  -2.75028
  -2.74324
  -2.73178
  -2.72663
  -2.71833
  -2.70431
  -2.69569
  -2.68879
  -2.67237
  -2.66071
  -2.64816
  -2.63183
  -2.61850
  -2.59937
  -2.57726
  -2.56190
  -2.54577
  -2.52695
  -2.50573
  -2.47805
  -2.45332
  -2.43380
  -2.41042
  -2.39050
  -2.37319
  -2.35056
  -2.32088
  -2.29818
  -2.28129
  -2.26178
  -2.23358
  -2.21242
  -2.19631
  -2.16967
  -2.13537
  -2.10217
  -2.07412
  -2.05966
  -2.04764
  -2.03121
  -2.01301
  -1.98957
  -1.96241
  -1.93317
  -1.90406
  -1.88955
  -1.87838
  -1.85931
  -1.83589
  -1.80979
  -1.77666
  -1.74971
  -1.73363
  -1.71767
  -1.69301
  -1.66224
  -1.63356
  -1.61196
  -1.58714
  -1.55909
  -1.53790
  -1.52222
  -1.50111
  -1.47756
  -1.45256
  -1.42972
  -1.40693
  -1.38917
  -1.37289
  -1.34723
  -1.31881
  -1.29877
  -1.27606
  -1.24160
  -1.21508
  -1.20049
  -1.18751
  -1.16609
  -1.14251
  -1.12253
  -1.09620
  -1.06148
  -1.03235
  -1.00325
  -0.97689
  -0.95766
  -0.94147
  -0.92515
  -0.91278
  -0.88939
  -0.86463
  -0.84422
  -0.82737
  -0.80182
  -0.77684
  -0.75537
  -0.73308
  -0.70723
  -0.68736
  -0.67305
  -0.65403
  -0.63647
  -0.62776
  -0.61589
  -0.59561
  -0.57561
  -0.54908
  -0.52554
  -0.50974
  -0.49354
  -0.48256
  -0.47358
  -0.45283
  -0.42565
  -0.40739
  -0.39074
  -0.38082
  -0.37270
  -0.35431
  -0.32143
  -0.30058
  -0.28446
  -0.26555
  -0.24584
  -0.23544
  -0.23010
  -0.22298
  -0.20989
  -0.18965
  -0.17225
  -0.15617
  -0.14546
  -0.13670
  -0.12562
  -0.10801
  -0.09155
  -0.07072
  -0.05559
  -0.04148
  -0.02846
  -0.02066
  -0.00920
   0.01107
   0.02700
   0.03080
   0.03708
   0.05276
   0.07183
   0.08009
   0.08678
   0.09401
   0.10933
   0.12823
   0.14074
   0.14604
   0.15970
   0.17745
   0.18804
   0.18854
   0.18952
   0.19380
   0.19318
   0.19603
   0.20754
   0.23028
   0.25876
   0.27799
   0.28136
   0.28510
   0.29458
   0.31113
   0.32363
   0.32636
   0.31949
   0.32586
   0.34085
   0.34460
   0.34453
   0.35633
   0.36153
   0.36369
   0.37193
   0.38201
   0.38985
   0.40210
   0.41188
   0.42265
   0.43721
   0.44846
   0.45008
   0.44879
   0.44161
   0.43255
   0.43253
   0.43627
   0.43852
   0.44127
   0.45216
   0.46205
   0.46442
   0.46513
   0.47605
   0.49129
   0.49738
   0.49633
   0.50310
   0.51015
   0.50957
   0.50717
   0.50440
   0.50977
   0.51991
   0.52342
   0.52601
   0.53874
   0.54981
   0.55174
   0.54542
   0.54236
   0.54579
   0.55908
   0.57049
   0.57012
   0.56421
   0.55811
   0.55447
   0.55519
   0.55768
   0.56159
   0.56202
   0.55641
   0.55951
   0.56863
   0.57461
   0.58169
   0.58343
   0.57669
   0.57582
   0.57288
   0.56864
   0.57105
   0.57142
   0.56600
   0.56911
   0.57237
   0.57340
   0.57257
   0.57606
   0.58159
   0.58212
   0.58250
   0.58450
   0.58085
   0.56799
   0.56244
   0.56677
   0.57817
   0.58393
   0.57686
   0.56701
   0.57890
   0.58940
   0.59073
   0.59075
   0.58955
   0.58230
   0.58121
   0.57814
   0.56951
   0.56419
   0.56320
   0.56043
   0.56020
   0.56134
   0.55681
   0.55415
   0.55682
   0.55722
   0.55403
   0.55554
   0.56317
   0.56402
   0.55941
   0.55382
   0.55136
   0.55524
   0.55727
   0.55388
   0.55632
   0.55282
   0.54248
   0.54536
   0.55421
   0.55469
   0.54801
   0.54216
   0.53768
   0.52972
   0.52583
   0.53069
   0.53499
   0.52536
   0.52008
   0.52335
   0.52958
   0.52819
   0.52814
   0.52465
   0.52288
   0.52308
   0.52019
   0.51211
   0.51306
   0.51025
   0.50009
   0.49116
   0.49343
   0.50616
   0.51132
   0.49805
   0.48527
   0.48441
   0.49228
   0.49562
   0.49201
   0.48715
   0.48517
   0.48583
   0.48521
   0.47827
   0.47154
   0.46558
   0.46553
   0.47420
   0.47613
   0.47119
   0.46695
   0.45736
   0.44453
   0.44616
   0.45602
   0.46238
   0.45018
   0.43536
   0.43182
   0.43321
   0.42541
   0.42289
   0.43306
   0.43366
   0.42221
   0.41896
   0.42813
   0.43249
   0.42914
   0.42215
   0.41424
   0.40614
   0.40111
   0.40466
   0.40644
   0.40268
   0.39029
   0.38220
   0.38058
   0.38837
   0.39447
   0.40255
   0.40353
   0.38719
   0.36409
   0.35224
   0.34882
   0.35517
   0.36377
   0.36215
   0.35602
   0.35531
   0.35343
   0.34956
   0.34951
   0.35166
   0.34522
   0.33890
   0.33900
   0.33800
   0.33354
   0.32622
   0.31882
   0.31632
   0.31009
   0.30590
   0.31311
   0.32542
   0.33282
   0.33533
   0.32613
   0.31115
   0.30446
   0.30395
   0.30122
   0.29985
   0.30136
   0.29418
   0.28419
   0.27725
   0.27673
   0.27581
   0.27553
   0.27468
   0.26810
   0.26071
   0.25893
   0.26434
   0.26626
   0.26082
   0.25534
   0.25545
   0.25540
   0.25172
   0.24276
   0.23685
   0.23898
   0.24022
   0.24283
   0.24519
   0.24555
   0.23599
   0.22776
   0.22006
   0.21516
   0.21848
   0.22498
   0.22004
   0.21549
   0.21112
   0.20831
   0.21528
   0.23022
   0.23098
   0.21685
   0.21249
   0.21262
   0.20275
   0.19786
   0.19040
   0.18395
   0.18851
   0.19485
   0.19037
   0.18499
   0.17494
   0.17058
   0.17321
   0.18467
   0.18898
   0.18796
   0.18571
   0.17082
   0.15246
   0.15364
   0.15454
   0.14584
   0.15052
   0.15944
   0.16055
   0.15596
   0.15754
   0.16094
   0.15798
   0.14806
   0.14288
   0.14674
   0.14894
   0.13566
   0.12387
   0.12212
   0.11795
   0.11387
   0.11650
   0.11599
   0.11242
   0.12093
   0.12749
   0.11371
   0.10254
   0.11292
   0.11892
   0.10452
   0.09146
   0.08946
   0.09225
   0.09888
   0.10664
   0.09983
   0.09518
   0.09648
   0.08985
   0.07580
   0.07021
   0.07010
   0.07252
   0.07848
   0.07675
   0.07491
   0.08152
   0.08737
   0.08264
   0.07608
   0.06673
   0.06361
   0.06529
   0.06214
   0.06230
   0.06833
   0.06604
   0.05030
   0.04565
   0.05406
   0.05991
   0.05766
   0.05543
   0.04929
   0.04874
   0.05318
   0.05389
   0.05115
   0.04726
   0.04902
   0.04781
   0.04465
   0.04031
   0.03868
   0.03824
   0.04054
   0.03885
   0.03774
   0.03686
   0.04088
   0.04636
   0.03144
   0.01266
   0.01644
   0.02860
   0.02773
   0.02479
   0.02442
   0.02068
   0.01611
   0.01357
   0.01462
   0.01357
   0.00925
   0.01168
   0.02143
   0.01727
   0.00941
   0.01656
   0.02680
   0.02335
   0.01963
   0.01688
   0.01149
   0.00738
   0.00758
   0.00057
  -0.00157
  -0.00141
  -0.00070
  -0.00207
  -0.00775
  -0.01098
  -0.00051
   0.00880
   0.00623
   0.00362
   0.00234
  -0.00230
  -0.00762
  -0.00709
  -0.00542
   0.00124
   0.00245
  -0.00028
   0.00238
   0.00380
  -0.00254
  -0.00390
  -0.00875
  -0.00926
  -0.00590
  -0.00438
  -0.01390
  -0.01948
  -0.02250
  -0.02159
  -0.02657
  -0.03336
  -0.03541
  -0.02572
  -0.01688
  -0.01413
  -0.01124
  -0.00840
  -0.00916
  -0.01271
  -0.01581
  -0.01849
  -0.01971
  -0.01785
  -0.01805
  -0.02586
  -0.03316
  -0.03177
  -0.02970
  -0.02425
  -0.01716
  -0.01358
  -0.01325
  -0.01730
  -0.02335
  -0.02764
  -0.03482
  -0.03598
  -0.02612
  -0.02288
  -0.01844
  -0.01324
  -0.01956
  -0.02743
  -0.03505
  -0.04506
  -0.04514
  -0.04485
  -0.04641
  -0.04168
  -0.04335
  -0.04630
  -0.04474
  -0.04406
  -0.04664
  -0.05205
  -0.05234
  -0.04330
  -0.03270
  -0.02920
  -0.03587
  -0.04378
  -0.04637
  -0.04422
  -0.03732
  -0.03565
  -0.04521
  -0.05355
  -0.05763
  -0.05442
  -0.05753
  -0.06558
  -0.07253
  -0.06725
  -0.06315
  -0.05532
  -0.04884
  -0.04117
  -0.03380
  -0.03394
  -0.04463
  -0.04899
  -0.05375
  -0.05892
  -0.05953
  -0.06065
  -0.05291
  -0.03820
  -0.03485
  -0.03952
  -0.03964
  -0.03681
  -0.04649
  -0.06192
  -0.06676
  -0.05919
  -0.04779
  -0.04246
  -0.05038
  -0.05597
  -0.05719
  -0.06534
  -0.06263
  -0.04631
  -0.03949
  -0.04340
  -0.04987
  -0.05754
  -0.05727
  -0.04947
  -0.04864
  -0.05487
  -0.05411
  -0.05043
  -0.05011
  -0.05551
  -0.06172
  -0.06085
  -0.04893
  -0.04755
  -0.05411
  -0.05924
  -0.05878
  -0.06411
  -0.06534
  -0.07269
  -0.08640
  -0.07727
  -0.05258
  -0.04739
  -0.05668
  -0.05774
  -0.06540
  -0.07367
  -0.07238
  -0.05886
  -0.05233
  -0.05574
  -0.06784
  -0.06901
  -0.06501
  -0.06312
  -0.06364
  -0.06206
  -0.06260
  -0.06180
  -0.05669
  -0.05053
  -0.04816
  -0.04814
  -0.04929
  -0.05356
  -0.06096
  -0.07049
  -0.07200
  -0.06773
  -0.06999
  -0.07358
  -0.07003
  -0.07235
  -0.07750
  -0.07484
  -0.06904
  -0.06471
  -0.05777
  -0.05067
  -0.04992
  -0.05232
  -0.05697
  -0.05705
  -0.05426
  -0.05522
  -0.06426
  -0.06803
  -0.06699
  -0.06524
  -0.06177
  -0.05600
  -0.06270
  -0.06958
  -0.06857
  -0.06554
  -0.06882
  -0.07330
  -0.07588
  -0.07196
  -0.06201
  -0.04745
  -0.04147
  -0.04382
  -0.04200
  -0.04362
  -0.05142
  -0.06029
  -0.06236
  -0.06385
  -0.05796
  -0.04203
  -0.03133
  -0.03785
  -0.04257
  -0.03982
  -0.04362
  -0.04724
  -0.04416
  -0.03695
  -0.03340
  -0.03230
  -0.03457
  -0.03257
  -0.02467
  -0.01855
  -0.02023
  -0.02487
  -0.02912
  -0.03033
  -0.03374
  -0.02929
  -0.01737
  -0.01077
  -0.01078
  -0.01115
  -0.01832
  -0.02809
  -0.03058
  -0.02472
  -0.02694
  -0.03182
  -0.02815
  -0.02725
  -0.03018
  -0.02164
  -0.00975
  -0.00363
   0.00340
   0.00690
  -0.00497
  -0.01659
  -0.01304
  -0.00360
  -0.00912
  -0.01988
  -0.01317
  -0.01156
  -0.02585
  -0.02082
  -0.00543
  -0.00400
  -0.00482
  -0.00451
  -0.00311
  -0.00269
  -0.00667
  -0.00842
  -0.00670
  -0.00216
   0.00473
   0.00364
  -0.00219
  -0.01344
  -0.01182
   0.00516
   0.01229
   0.00820
   0.01123
   0.01174
   0.00905
   0.01325
   0.02215
   0.02570
   0.02825
   0.03272
   0.03355
   0.02791
   0.01509
   0.01033
   0.01673
   0.01973
   0.01887
   0.02996
   0.03741
   0.03612
   0.03517
   0.04011
   0.04328
   0.05569
   0.06415
   0.06036
   0.05032
   0.04726
   0.04788
   0.05288
   0.05468
   0.05282
   0.04785
   0.04550
   0.04811
   0.04421
   0.03159
   0.02244
   0.02397
   0.02644
   0.03092
   0.03860
   0.04837
   0.04731
   0.05192
   0.06217
   0.06658
   0.06335
   0.06804
   0.07690
   0.07735
   0.06924
   0.07347
   0.07599
   0.11911
   0.10407
