   0.14231
   0.13932
   0.06034
   0.11315
   0.23201
   0.44490
   0.90762
   1.66463
   2.64758
   3.79328
   5.09457
   6.42240
   7.87099
   9.48527
  11.96693
  13.50636
  12.42287
  10.25511
   8.99895
   8.08409
   7.35826
   6.68145
   6.04134
   5.35389
   4.73166
   4.33826
   4.03368
   3.68289
   3.38598
   3.20713
   3.02680
   2.80212
   2.59845
   2.38782
   2.15215
   1.95195
   1.79764
   1.60806
   1.38205
   1.18008
   1.00300
   0.79692
   0.61763
   0.46908
   0.28807
   0.10901
  -0.03183
  -0.15715
  -0.28186
  -0.41355
  -0.56054
  -0.69830
  -0.83777
  -0.93877
  -1.01676
  -1.09533
  -1.14800
  -1.19615
  -1.29678
  -1.40346
  -1.47007
  -1.51488
  -1.56910
  -1.63465
  -1.69619
  -1.76979
  -1.85549
  -1.90011
  -1.91642
  -1.93352
  -1.95499
  -1.99168
  -2.04559
  -2.09597
  -2.11128
  -2.11354
  -2.12690
  -2.16625
  -2.20050
  -2.22071
  -2.22138
  -2.23859
  -2.26028
  -2.29292
  -2.32308
  -2.31161
  -2.27603
  -2.28193
  -2.30517
  -2.30610
  -2.32018
  -2.34108
  -2.32277
  -2.29940
  -2.29099
  -2.27655
  -2.23443
  -2.21187
  -2.21834
  -2.22445
  -2.21034
  -2.20937
  -2.19242
  -2.19038
  -2.19978
  -2.18978
  -2.16232
  -2.13926
  -2.09692
  -2.04661
  -2.00376
  -1.98840
  -1.97705
  -1.94918
  -1.93121
  -1.94931
  -1.95013
  -1.94577
  -1.94517
  -1.94632
  -1.92470
  -1.90179
  -1.88597
  -1.87296
  -1.82816
  -1.77746
  -1.73989
  -1.72075
  -1.71817
  -1.70089
  -1.67256
  -1.65100
  -1.62759
  -1.58527
  -1.55127
  -1.52800
  -1.50988
  -1.48335
  -1.45487
  -1.41700
  -1.37257
  -1.36734
  -1.39106
  -1.38887
  -1.37975
  -1.37273
  -1.33617
  -1.28431
  -1.27023
  -1.27614
  -1.26593
  -1.25649
  -1.24106
  -1.21372
  -1.18935
  -1.17003
  -1.16219
  -1.15625
  -1.12173
  -1.09697
  -1.08563
  -1.06810
  -1.02930
  -0.95867
  -0.90134
  -0.90336
  -0.91022
  -0.90494
  -0.90729
  -0.90892
  -0.89919
  -0.90396
  -0.88022
  -0.83817
  -0.83257
  -0.84699
  -0.82441
  -0.79553
  -0.77069
  -0.75255
  -0.74081
  -0.72524
  -0.73137
  -0.75081
  -0.73538
  -0.69865
  -0.67257
  -0.65326
  -0.62507
  -0.59252
  -0.56160
  -0.55592
  -0.57165
  -0.56948
  -0.53411
  -0.51424
  -0.49999
  -0.46310
  -0.44342
  -0.44884
  -0.45666
  -0.44971
  -0.43494
  -0.42281
  -0.41558
  -0.40073
  -0.40609
  -0.37974
  -0.31373
  -0.29040
  -0.32949
  -0.35613
  -0.34953
  -0.34675
  -0.34003
  -0.30075
  -0.25998
  -0.23228
  -0.20126
  -0.18133
  -0.17814
  -0.17095
  -0.14765
  -0.13362
  -0.14131
  -0.15634
  -0.13970
  -0.12257
  -0.11319
  -0.10623
  -0.11641
  -0.12687
  -0.08556
  -0.07211
  -0.08071
  -0.06451
  -0.03703
  -0.02497
  -0.01709
  -0.02772
  -0.03019
  -0.01483
   0.01701
   0.02699
   0.00381
  -0.01473
   0.00233
   0.05686
   0.11022
   0.14346
   0.14401
   0.12518
   0.10311
   0.08897
   0.06983
   0.05696
   0.06151
   0.07090
   0.07409
   0.07371
   0.09664
   0.12458
   0.12628
   0.12842
   0.14954
   0.16930
   0.17032
   0.17232
   0.19682
   0.24834
   0.28876
   0.29229
   0.27375
   0.26517
   0.28697
   0.30908
   0.28296
   0.23944
   0.24178
   0.25624
   0.24238
   0.22418
   0.25221
   0.29555
   0.28933
   0.25831
   0.26398
   0.28446
   0.28277
   0.26353
   0.25231
   0.24355
   0.24069
   0.25654
   0.25686
   0.23816
   0.24123
   0.27255
   0.30982
   0.34540
   0.35701
   0.34707
   0.33100
   0.32423
   0.31774
   0.30835
   0.30536
   0.30066
   0.29209
   0.29255
   0.30654
   0.29587
   0.29450
   0.32144
   0.32227
   0.30638
   0.32189
   0.33367
   0.32964
   0.36068
   0.39226
   0.38488
   0.32415
   0.27037
   0.25693
   0.29042
   0.32701
   0.35232
   0.35708
   0.36064
   0.38307
   0.40777
   0.40744
   0.38396
   0.36529
   0.35205
   0.34312
   0.32461
   0.31537
   0.33081
   0.36282
   0.36095
   0.35228
   0.35112
   0.35684
   0.34381
   0.33492
   0.33881
   0.33297
   0.30486
   0.29517
   0.30197
   0.28645
   0.27164
   0.28839
   0.32410
   0.32983
   0.30055
   0.27086
   0.27807
   0.31530
   0.33750
   0.33744
   0.33948
   0.35016
   0.35043
   0.35162
   0.35211
   0.34944
   0.34311
   0.33114
   0.31739
   0.32318
   0.34746
   0.37136
   0.37573
   0.38304
   0.38918
   0.37398
   0.36562
   0.37268
   0.35222
   0.31859
   0.31786
   0.31853
   0.28770
   0.26524
   0.27788
   0.26287
   0.22210
   0.19236
   0.19257
   0.21249
   0.22770
   0.22813
   0.22046
   0.22432
   0.26619
   0.29554
   0.28981
   0.28226
   0.28241
   0.28629
   0.30468
   0.31549
   0.31607
   0.31785
   0.30056
   0.26956
   0.26224
   0.26155
   0.23906
   0.22723
   0.23920
   0.26384
   0.26910
   0.27583
   0.29504
   0.30340
   0.28123
   0.24755
   0.20965
   0.18605
   0.17564
   0.20299
   0.23920
   0.25338
   0.22508
   0.19190
   0.16871
   0.18400
   0.20598
   0.22333
   0.22946
   0.22300
   0.20137
   0.20959
   0.21425
   0.21243
   0.21752
   0.20688
   0.18234
   0.18209
   0.20282
   0.21763
   0.18867
   0.15512
   0.16906
   0.18525
   0.14167
   0.10304
   0.11972
   0.14188
   0.13699
   0.15286
   0.16260
   0.14128
   0.13456
   0.14538
   0.14825
   0.16327
   0.18628
   0.17447
   0.16354
   0.16900
   0.17239
   0.17014
   0.16439
   0.13802
   0.14537
   0.15885
   0.15060
   0.12670
   0.10882
   0.10763
   0.13308
   0.15121
   0.15658
   0.13693
   0.12514
   0.13161
   0.13517
   0.13307
   0.13741
   0.13761
   0.14365
   0.12988
   0.09130
   0.07492
   0.08183
   0.07789
   0.08108
   0.08349
   0.09600
   0.10905
   0.11018
   0.12729
   0.13512
   0.10340
   0.11225
   0.12244
   0.09113
   0.05841
   0.03738
   0.02202
   0.02210
   0.01719
   0.03492
   0.05495
   0.03623
   0.03790
   0.06562
   0.08323
   0.08895
   0.11734
   0.12821
   0.12981
   0.11443
   0.10644
   0.07724
   0.05165
   0.05408
   0.07442
   0.07608
   0.08257
   0.09245
   0.08989
   0.06712
   0.04428
   0.04412
   0.04694
   0.03544
   0.01188
   0.01649
   0.02528
  -0.00468
  -0.01962
   0.00446
   0.01421
   0.02266
   0.03007
   0.04066
   0.06087
   0.06956
   0.07282
   0.06582
   0.02068
  -0.03045
  -0.03739
  -0.00768
  -0.00526
  -0.01707
  -0.01241
  -0.00039
   0.00978
   0.00949
  -0.00279
  -0.01158
  -0.02130
  -0.02007
   0.01204
   0.01988
  -0.01051
  -0.04534
  -0.08437
  -0.11483
  -0.10429
  -0.08501
  -0.08151
  -0.06824
  -0.05574
  -0.06942
  -0.06746
  -0.05858
  -0.06388
  -0.05151
  -0.02983
  -0.05329
  -0.07111
  -0.07117
  -0.06055
  -0.04198
  -0.01671
   0.00052
   0.00946
   0.00946
  -0.00374
  -0.01403
  -0.01441
  -0.03407
  -0.04603
  -0.05826
  -0.09313
  -0.13629
  -0.14325
  -0.11336
  -0.07042
  -0.05674
  -0.04397
  -0.06649
  -0.11990
  -0.13788
  -0.11667
  -0.09493
  -0.06023
  -0.02762
  -0.01404
  -0.02108
  -0.02286
  -0.01850
  -0.04542
  -0.10514
  -0.13799
  -0.13481
  -0.09528
  -0.08390
  -0.11047
  -0.12105
  -0.08415
  -0.05823
  -0.06366
  -0.08604
  -0.08259
  -0.07914
  -0.10303
  -0.13253
  -0.12790
  -0.12743
  -0.14001
  -0.15286
  -0.14175
  -0.11872
  -0.10407
  -0.09553
  -0.06972
  -0.07517
  -0.10206
  -0.11652
  -0.11648
  -0.09028
  -0.05525
  -0.04586
  -0.06192
  -0.09225
  -0.11702
  -0.12193
  -0.09909
  -0.07920
  -0.08410
  -0.09697
  -0.09412
  -0.10120
  -0.11816
  -0.11920
  -0.10556
  -0.10844
  -0.11906
  -0.13112
  -0.13553
  -0.13268
  -0.13232
  -0.13013
  -0.10807
  -0.12337
  -0.15485
  -0.16756
  -0.16048
  -0.16980
  -0.14547
  -0.11037
  -0.08450
  -0.08761
  -0.09917
  -0.13331
  -0.14678
  -0.13341
  -0.14630
  -0.16023
  -0.13509
  -0.12883
  -0.13621
  -0.11588
  -0.11048
  -0.10989
  -0.09263
  -0.08565
  -0.08915
  -0.07826
  -0.08033
  -0.09481
  -0.11375
  -0.14519
  -0.17442
  -0.17266
  -0.15666
  -0.15361
  -0.14932
  -0.15224
  -0.16782
  -0.15658
  -0.12964
  -0.14557
  -0.16023
  -0.14635
  -0.16014
  -0.18862
  -0.16393
  -0.11215
  -0.10790
  -0.12093
  -0.12120
  -0.11498
  -0.11157
  -0.10117
  -0.08480
  -0.07711
  -0.07999
  -0.05792
  -0.04064
  -0.09000
  -0.15788
  -0.18387
  -0.18687
  -0.18773
  -0.18372
  -0.16521
  -0.13885
  -0.11921
  -0.11092
  -0.10470
  -0.11647
  -0.14634
  -0.17394
  -0.17624
  -0.18716
  -0.18547
  -0.16166
  -0.14238
  -0.12274
  -0.11351
  -0.15251
  -0.18990
  -0.17527
  -0.15147
  -0.15626
  -0.18325
  -0.18469
  -0.16692
  -0.14428
  -0.14345
  -0.14987
  -0.15887
  -0.16606
  -0.17965
  -0.16222
  -0.13348
  -0.11806
  -0.12742
  -0.11458
  -0.10275
  -0.10645
  -0.11190
  -0.10315
  -0.11934
  -0.13879
  -0.15302
  -0.15446
  -0.14252
  -0.13599
  -0.14957
  -0.14873
  -0.13474
  -0.15737
  -0.20410
  -0.20680
  -0.17428
  -0.15104
  -0.14035
  -0.13988
  -0.13008
  -0.11730
  -0.11807
  -0.12279
  -0.12188
  -0.11767
  -0.12217
  -0.14394
  -0.14881
  -0.14907
  -0.16642
  -0.18366
  -0.19754
  -0.20266
  -0.17909
  -0.16165
  -0.17192
  -0.17821
  -0.15712
  -0.13236
  -0.11965
  -0.12464
  -0.15786
  -0.17396
  -0.13850
  -0.09729
  -0.09570
  -0.12201
  -0.15735
  -0.15376
  -0.11382
  -0.07869
  -0.04626
  -0.02303
  -0.05963
  -0.11251
  -0.14817
  -0.17111
  -0.17637
  -0.16611
  -0.17346
  -0.18776
  -0.18894
  -0.15743
  -0.12587
  -0.11909
  -0.13126
  -0.15441
  -0.17441
  -0.17882
  -0.17193
  -0.16161
  -0.12631
  -0.08817
  -0.08176
  -0.09639
  -0.08684
  -0.09385
  -0.13416
  -0.14986
  -0.12120
  -0.12365
  -0.14395
  -0.13766
  -0.14866
  -0.19602
  -0.19535
  -0.16546
  -0.16479
  -0.16704
  -0.15032
  -0.14272
  -0.13969
  -0.12163
  -0.09931
  -0.11605
  -0.13803
  -0.13931
  -0.15373
  -0.16307
  -0.14336
  -0.12416
  -0.09716
  -0.06805
  -0.05478
  -0.05665
  -0.06237
  -0.07749
  -0.08294
  -0.10577
  -0.13801
  -0.14203
  -0.13047
  -0.14839
  -0.17029
  -0.15853
  -0.13506
  -0.12340
  -0.13086
  -0.14882
  -0.14761
  -0.11184
  -0.10315
  -0.11233
  -0.11764
  -0.13619
  -0.14853
  -0.13388
  -0.13765
  -0.16850
  -0.15530
  -0.09518
  -0.05292
  -0.07261
  -0.12943
  -0.18619
  -0.19478
  -0.17517
  -0.17694
  -0.19447
  -0.18741
  -0.17707
  -0.17693
  -0.19406
  -0.20941
  -0.19709
  -0.16502
  -0.14349
  -0.14144
  -0.15534
  -0.15451
  -0.15552
  -0.14951
  -0.14231
  -0.14658
  -0.13426
  -0.09700
  -0.09369
  -0.11595
  -0.13992
  -0.14768
  -0.16062
  -0.18331
  -0.19386
  -0.20200
  -0.22368
  -0.20163
  -0.17117
  -0.19769
  -0.22419
  -0.19136
  -0.16101
  -0.16364
  -0.16190
  -0.11504
  -0.08963
  -0.11611
  -0.14100
  -0.13964
  -0.15337
  -0.16128
  -0.16349
  -0.13722
  -0.10860
  -0.08641
  -0.06670
  -0.06512
  -0.08474
  -0.08545
  -0.06603
  -0.05048
  -0.05598
  -0.09371
  -0.12375
  -0.13607
  -0.12209
  -0.10184
  -0.08316
  -0.07537
  -0.06367
  -0.05854
  -0.07594
  -0.09615
  -0.09899
  -0.08814
  -0.07005
  -0.04522
  -0.05141
  -0.05913
  -0.04879
  -0.05659
  -0.08756
  -0.08241
  -0.06099
  -0.04923
  -0.03694
  -0.03636
  -0.02996
  -0.02484
  -0.02721
  -0.03130
  -0.02362
  -0.03325
  -0.01468
  -0.00463
  -0.01849
  -0.03397
  -0.02062
   0.00488
   0.03566
   0.06751
   0.08716
   0.08185
   0.04968
   0.03716
   0.05352
   0.07581
   0.08799
   0.11471
   0.12606
   0.12388
   0.11642
   0.09003
   0.05087
   0.04357
   0.06687
   0.07813
   0.08083
   0.09724
   0.11798
   0.13223
   0.12799
   0.10725
   0.10569
   0.12274
   0.15342
   0.19086
   0.23389
   0.27189
   0.27739
   0.26394
   0.25953
   0.21473
   0.19394
   0.13249
