   0.00000
   0.00370
   0.01289
   0.03399
   0.10475
   0.35297
   0.96499
   2.17350
   4.07827
   6.30251
   8.21577
   9.54037
  10.36853
  10.81310
  10.96256
  10.91453
  10.73760
  10.48802
  10.19966
   9.88840
   9.56904
   9.24611
   8.92379
   8.60479
   8.29134
   7.98117
   7.67013
   7.35606
   7.04146
   6.73000
   6.42289
   6.11756
   5.81302
   5.51197
   5.21525
   4.92328
   4.63645
   4.35465
   4.07916
   3.81038
   3.54624
   3.28640
   3.03351
   2.78663
   2.54427
   2.30646
   2.07356
   1.84626
   1.62477
   1.40869
   1.19800
   0.99348
   0.79423
   0.59995
   0.41153
   0.22832
   0.05034
  -0.12250
  -0.29064
  -0.45405
  -0.61260
  -0.76713
  -0.91752
  -1.06303
  -1.20437
  -1.34121
  -1.47326
  -1.60134
  -1.72553
  -1.84547
  -1.96125
  -2.07331
  -2.18143
  -2.28534
  -2.38504
  -2.48106
  -2.57370
  -2.66256
  -2.74756
  -2.82896
  -2.90684
  -2.98099
  -3.05201
  -3.12021
  -3.18523
  -3.24711
  -3.30625
  -3.36241
  -3.41558
  -3.46587
  -3.51351
  -3.55816
  -3.59943
  -3.63850
  -3.67592
  -3.71071
  -3.74244
  -3.77199
  -3.79906
  -3.82355
  -3.84606
  -3.86688
  -3.88589
  -3.90262
  -3.91700
  -3.92971
  -3.94088
  -3.95003
  -3.95719
  -3.96282
  -3.96643
  -3.96822
  -3.96875
  -3.96797
  -3.96526
  -3.96126
  -3.95645
  -3.95004
  -3.94224
  -3.93401
  -3.92452
  -3.91286
  -3.90011
  -3.88678
  -3.87213
  -3.85632
  -3.83954
  -3.82129
  -3.80183
  -3.78166
  -3.76071
  -3.73872
  -3.71650
  -3.69359
  -3.66948
  -3.64441
  -3.61895
  -3.59302
  -3.56624
  -3.53816
  -3.50947
  -3.48072
  -3.45095
  -3.42023
  -3.38947
  -3.35841
  -3.32692
  -3.29546
  -3.26356
  -3.23076
  -3.19770
  -3.16484
  -3.13170
  -3.09792
  -3.06352
  -3.02863
  -2.99393
  -2.95987
  -2.92566
  -2.89063
  -2.85504
  -2.81912
  -2.78274
  -2.74650
  -2.71050
  -2.67450
  -2.63846
  -2.60293
  -2.56742
  -2.53109
  -2.49428
  -2.45750
  -2.42080
  -2.38405
  -2.34749
  -2.31087
  -2.27407
  -2.23694
  -2.19985
  -2.16354
  -2.12761
  -2.09111
  -2.05410
  -2.01735
  -1.98102
  -1.94487
  -1.90913
  -1.87350
  -1.83782
  -1.80220
  -1.76665
  -1.73142
  -1.69672
  -1.66226
  -1.62733
  -1.59228
  -1.55773
  -1.52354
  -1.48952
  -1.45587
  -1.42281
  -1.38971
  -1.35672
  -1.32413
  -1.29161
  -1.25956
  -1.22749
  -1.19547
  -1.16410
  -1.13332
  -1.10202
  -1.07072
  -1.04029
  -1.00995
  -0.97961
  -0.94971
  -0.92024
  -0.89029
  -0.86041
  -0.83120
  -0.80251
  -0.77398
  -0.74551
  -0.71733
  -0.68958
  -0.66227
  -0.63486
  -0.60776
  -0.58157
  -0.55580
  -0.53001
  -0.50420
  -0.47884
  -0.45381
  -0.42911
  -0.40422
  -0.37928
  -0.35504
  -0.33120
  -0.30756
  -0.28424
  -0.26127
  -0.23819
  -0.21567
  -0.19386
  -0.17204
  -0.15017
  -0.12873
  -0.10763
  -0.08678
  -0.06629
  -0.04597
  -0.02540
  -0.00521
   0.01447
   0.03352
   0.05209
   0.07047
   0.08887
   0.10720
   0.12505
   0.14292
   0.16039
   0.17734
   0.19406
   0.21072
   0.22677
   0.24232
   0.25790
   0.27338
   0.28880
   0.30396
   0.31890
   0.33382
   0.34842
   0.36222
   0.37567
   0.38920
   0.40281
   0.41605
   0.42902
   0.44251
   0.45599
   0.46868
   0.48091
   0.49305
   0.50490
   0.51642
   0.52725
   0.53761
   0.54838
   0.55930
   0.56974
   0.58003
   0.59051
   0.60098
   0.61087
   0.62041
   0.62967
   0.63889
   0.64803
   0.65692
   0.66556
   0.67404
   0.68202
   0.68973
   0.69768
   0.70540
   0.71287
   0.72052
   0.72809
   0.73517
   0.74234
   0.74911
   0.75524
   0.76114
   0.76707
   0.77256
   0.77808
   0.78413
   0.78999
   0.79528
   0.80033
   0.80510
   0.80930
   0.81350
   0.81811
   0.82273
   0.82693
   0.83093
   0.83479
   0.83843
   0.84178
   0.84492
   0.84796
   0.85129
   0.85492
   0.85807
   0.86089
   0.86352
   0.86573
   0.86755
   0.86906
   0.87029
   0.87196
   0.87436
   0.87620
   0.87742
   0.87894
   0.88026
   0.88124
   0.88267
   0.88446
   0.88573
   0.88678
   0.88766
   0.88819
   0.88850
   0.88852
   0.88856
   0.88881
   0.88875
   0.88841
   0.88816
   0.88816
   0.88824
   0.88826
   0.88783
   0.88724
   0.88670
   0.88598
   0.88522
   0.88441
   0.88360
   0.88260
   0.88136
   0.88000
   0.87906
   0.87791
   0.87642
   0.87508
   0.87379
   0.87217
   0.87032
   0.86844
   0.86668
   0.86524
   0.86351
   0.86156
   0.85968
   0.85757
   0.85543
   0.85342
   0.85122
   0.84851
   0.84550
   0.84244
   0.83925
   0.83614
   0.83336
   0.83072
   0.82796
   0.82518
   0.82217
   0.81885
   0.81578
   0.81296
   0.81000
   0.80708
   0.80445
   0.80163
   0.79842
   0.79512
   0.79169
   0.78807
   0.78463
   0.78149
   0.77809
   0.77451
   0.77064
   0.76637
   0.76202
   0.75818
   0.75510
   0.75222
   0.74919
   0.74591
   0.74241
   0.73858
   0.73463
   0.73074
   0.72709
   0.72353
   0.72007
   0.71662
   0.71298
   0.70881
   0.70456
   0.70075
   0.69729
   0.69395
   0.69050
   0.68659
   0.68241
   0.67869
   0.67510
   0.67128
   0.66711
   0.66270
   0.65814
   0.65380
   0.64975
   0.64573
   0.64182
   0.63785
   0.63371
   0.62947
   0.62521
   0.62086
   0.61673
   0.61309
   0.60900
   0.60463
   0.60047
   0.59631
   0.59221
   0.58860
   0.58493
   0.58070
   0.57654
   0.57241
   0.56782
   0.56307
   0.55891
   0.55485
   0.55084
   0.54684
   0.54262
   0.53839
   0.53463
   0.53078
   0.52652
   0.52231
   0.51821
   0.51423
   0.51010
   0.50567
   0.50145
   0.49793
   0.49450
   0.49060
   0.48680
   0.48321
   0.47912
   0.47491
   0.47114
   0.46743
   0.46338
   0.45937
   0.45529
   0.45115
   0.44730
   0.44366
   0.43984
   0.43575
   0.43160
   0.42745
   0.42341
   0.41950
   0.41547
   0.41138
   0.40753
   0.40408
   0.40053
   0.39655
   0.39267
   0.38885
   0.38462
   0.37997
   0.37570
   0.37201
   0.36837
   0.36457
   0.36107
   0.35816
   0.35501
   0.35129
   0.34729
   0.34364
   0.34007
   0.33613
   0.33218
   0.32857
   0.32520
   0.32165
   0.31774
   0.31381
   0.31042
   0.30680
   0.30262
   0.29872
   0.29538
   0.29187
   0.28823
   0.28493
   0.28187
   0.27880
   0.27550
   0.27160
   0.26756
   0.26391
   0.26063
   0.25741
   0.25372
   0.24980
   0.24635
   0.24346
   0.24021
   0.23693
   0.23396
   0.23120
   0.22824
   0.22497
   0.22182
   0.21866
   0.21541
   0.21218
   0.20921
   0.20633
   0.20361
   0.20055
   0.19715
   0.19428
   0.19183
   0.18906
   0.18612
   0.18313
   0.18024
   0.17749
   0.17498
   0.17250
   0.17015
   0.16774
   0.16525
   0.16272
   0.16019
   0.15755
   0.15452
   0.15137
   0.14852
   0.14586
   0.14291
   0.13990
   0.13673
   0.13354
   0.13046
   0.12777
   0.12541
   0.12299
   0.12026
   0.11762
   0.11524
   0.11290
   0.11068
   0.10878
   0.10662
   0.10408
   0.10156
   0.09937
   0.09726
   0.09491
   0.09254
   0.09015
   0.08776
   0.08520
   0.08273
   0.08055
   0.07850
   0.07616
   0.07403
   0.07240
   0.07053
   0.06845
   0.06667
   0.06521
   0.06335
   0.06117
   0.05924
   0.05750
   0.05560
   0.05339
   0.05113
   0.04895
   0.04710
   0.04531
   0.04322
   0.04106
   0.03867
   0.03677
   0.03563
   0.03423
   0.03214
   0.03056
   0.02948
   0.02782
   0.02599
   0.02432
   0.02237
   0.02028
   0.01827
   0.01631
   0.01477
   0.01365
   0.01230
   0.01070
   0.00890
   0.00686
   0.00506
   0.00337
   0.00158
  -0.00032
  -0.00218
  -0.00437
  -0.00658
  -0.00817
  -0.00915
  -0.01052
  -0.01243
  -0.01394
  -0.01515
  -0.01635
  -0.01754
  -0.01869
  -0.02004
  -0.02143
  -0.02301
  -0.02468
  -0.02567
  -0.02664
  -0.02812
  -0.02975
  -0.03093
  -0.03227
  -0.03372
  -0.03485
  -0.03587
  -0.03676
  -0.03782
  -0.03905
  -0.04005
  -0.04068
  -0.04164
  -0.04301
  -0.04418
  -0.04524
  -0.04630
  -0.04729
  -0.04812
  -0.04915
  -0.05043
  -0.05121
  -0.05171
  -0.05253
  -0.05363
  -0.05455
  -0.05547
  -0.05644
  -0.05754
  -0.05878
  -0.05988
  -0.06058
  -0.06118
  -0.06194
  -0.06280
  -0.06368
  -0.06447
  -0.06510
  -0.06578
  -0.06659
  -0.06732
  -0.06846
  -0.06990
  -0.07074
  -0.07117
  -0.07161
  -0.07176
  -0.07182
  -0.07275
  -0.07397
  -0.07458
  -0.07505
  -0.07575
  -0.07631
  -0.07692
  -0.07770
  -0.07836
  -0.07922
  -0.07995
  -0.08027
  -0.08073
  -0.08132
  -0.08157
  -0.08211
  -0.08284
  -0.08316
  -0.08322
  -0.08331
  -0.08350
  -0.08385
  -0.08430
  -0.08472
  -0.08502
  -0.08550
  -0.08613
  -0.08642
  -0.08652
  -0.08716
  -0.08783
  -0.08804
  -0.08840
  -0.08888
  -0.08938
  -0.09005
  -0.09084
  -0.09115
  -0.09154
  -0.09210
  -0.09207
  -0.09159
  -0.09174
  -0.09260
  -0.09372
  -0.09470
  -0.09517
  -0.09525
  -0.09544
  -0.09586
  -0.09590
  -0.09576
  -0.09584
  -0.09618
  -0.09649
  -0.09705
  -0.09765
  -0.09750
  -0.09717
  -0.09759
  -0.09846
  -0.09906
  -0.09928
  -0.09924
  -0.09906
  -0.09896
  -0.09886
  -0.09901
  -0.09948
  -0.09962
  -0.09949
  -0.09947
  -0.09940
  -0.09947
  -0.10000
  -0.10041
  -0.10047
  -0.10054
  -0.10055
  -0.10054
  -0.10058
  -0.10088
  -0.10122
  -0.10151
  -0.10178
  -0.10213
  -0.10269
  -0.10313
  -0.10334
  -0.10331
  -0.10316
  -0.10268
  -0.10256
  -0.10286
  -0.10308
  -0.10322
  -0.10351
  -0.10337
  -0.10296
  -0.10289
  -0.10259
  -0.10202
  -0.10183
  -0.10202
  -0.10191
  -0.10179
  -0.10194
  -0.10215
  -0.10225
  -0.10232
  -0.10238
  -0.10252
  -0.10256
  -0.10241
  -0.10227
  -0.10249
  -0.10262
  -0.10258
  -0.10282
  -0.10283
  -0.10234
  -0.10198
  -0.10198
  -0.10185
  -0.10189
  -0.10237
  -0.10258
  -0.10256
  -0.10265
  -0.10266
  -0.10226
  -0.10219
  -0.10224
  -0.10188
  -0.10159
  -0.10151
  -0.10164
  -0.10186
  -0.10201
  -0.10189
  -0.10184
  -0.10181
  -0.10176
  -0.10174
  -0.10146
  -0.10113
  -0.10075
  -0.10023
  -0.09950
  -0.09893
  -0.09914
  -0.09931
  -0.09888
  -0.09835
  -0.09845
  -0.09859
  -0.09851
  -0.09840
  -0.09813
  -0.09796
  -0.09762
  -0.09720
  -0.09677
  -0.09671
  -0.09686
  -0.09676
  -0.09638
  -0.09584
  -0.09537
  -0.09532
  -0.09498
  -0.09528
  -0.09463
  -0.09363
  -0.09140
  -0.08783
  -0.08528
  -0.08513
  -0.08576
  -0.08523
  -0.08551
  -0.08541
  -0.08543
  -0.08543
  -0.08543
  -0.08543
  -0.08543
  -0.08543
  -0.08543
  -0.08543
  -0.08543
  -0.08543
  -0.08543
  -0.08543
  -0.08543
  -0.08543
  -0.08543
  -0.08543
  -0.08543
  -0.08543
  -0.08543
  -0.08543
  -0.08543
  -0.08543
  -0.08543
  -0.08543
  -0.08543
  -0.08543
  -0.08543
  -0.08543
  -0.08543
  -0.08543
  -0.08543
  -0.08543
  -0.08543
  -0.08543
  -0.08543
  -0.08543
  -0.08543
  -0.08543
  -0.08543
  -0.08543
  -0.08543
  -0.08543
  -0.08543
  -0.08543
  -0.08543
  -0.08543
  -0.08543
  -0.08543
  -0.08543
  -0.08543
  -0.08543
  -0.08543
  -0.08543
  -0.08543
  -0.08543
  -0.08543
  -0.08543
  -0.08543
  -0.08543
  -0.08543
  -0.08543
  -0.08543
  -0.08543
  -0.08543
  -0.08543
  -0.08543
  -0.08543
  -0.08543
  -0.08543
  -0.08543
  -0.08543
  -0.08543
  -0.08543
  -0.08543
  -0.08543
  -0.08543
  -0.08543
  -0.08543
  -0.08543
  -0.08543
  -0.08543
  -0.08543
  -0.08543
  -0.08543
  -0.08543
  -0.08543
  -0.08543
  -0.08543
  -0.08543
  -0.08543
  -0.08543
  -0.08543
  -0.08543
  -0.08543
  -0.08543
  -0.08543
  -0.08543
  -0.08543
  -0.08543
  -0.08543
  -0.08543
  -0.08543
  -0.08543
  -0.08543
  -0.08543
  -0.08543
  -0.08544
  -0.08538
  -0.08579
  -0.08409
  -0.08376
  -0.08006
  -0.06989
  -0.05951
  -0.04342
