   0.33552
   0.36122
   0.35123
   0.41916
   0.44634
   0.49663
   0.57513
   0.74296
   1.04172
   1.54171
   2.32559
   3.42876
   4.81992
   6.43483
   8.10432
   9.68854
  10.95905
  12.20697
  13.25734
  13.35328
  12.53296
  11.68462
  11.09557
  10.42050
   9.73233
   9.01022
   8.28987
   7.57527
   6.90216
   6.28831
   5.74653
   5.28560
   4.87489
   4.47821
   4.10658
   3.77778
   3.46956
   3.16419
   2.87881
   2.62005
   2.36563
   2.10460
   1.84971
   1.60485
   1.36161
   1.11651
   0.87720
   0.65068
   0.44014
   0.23507
   0.03077
  -0.16422
  -0.34965
  -0.53137
  -0.70434
  -0.87373
  -1.04461
  -1.20092
  -1.33601
  -1.46523
  -1.59177
  -1.71262
  -1.83115
  -1.94292
  -2.04491
  -2.14458
  -2.24300
  -2.33641
  -2.42677
  -2.50928
  -2.58630
  -2.66199
  -2.72976
  -2.78991
  -2.85130
  -2.91120
  -2.95996
  -3.00448
  -3.05347
  -3.09831
  -3.13001
  -3.15777
  -3.19238
  -3.22734
  -3.25554
  -3.27917
  -3.30304
  -3.32381
  -3.34045
  -3.35599
  -3.37256
  -3.38541
  -3.39289
  -3.38962
  -3.38371
  -3.38644
  -3.38550
  -3.37978
  -3.37898
  -3.37967
  -3.37640
  -3.37150
  -3.36573
  -3.35864
  -3.35351
  -3.34494
  -3.33173
  -3.31658
  -3.30069
  -3.28148
  -3.25931
  -3.23739
  -3.20940
  -3.18064
  -3.15966
  -3.14444
  -3.12263
  -3.09755
  -3.07648
  -3.05423
  -3.02310
  -2.99053
  -2.96444
  -2.93960
  -2.90702
  -2.87403
  -2.84437
  -2.80940
  -2.77037
  -2.74006
  -2.71340
  -2.67976
  -2.64880
  -2.62500
  -2.60261
  -2.57216
  -2.53817
  -2.51010
  -2.48249
  -2.44598
  -2.40908
  -2.38149
  -2.35785
  -2.32815
  -2.29250
  -2.25540
  -2.22206
  -2.19123
  -2.16083
  -2.12277
  -2.08312
  -2.05303
  -2.02390
  -1.98776
  -1.95374
  -1.92404
  -1.89242
  -1.86037
  -1.83180
  -1.79867
  -1.76632
  -1.73504
  -1.70220
  -1.67016
  -1.63642
  -1.60360
  -1.56927
  -1.53485
  -1.49880
  -1.46898
  -1.44102
  -1.41203
  -1.38253
  -1.34642
  -1.30427
  -1.26894
  -1.24731
  -1.22832
  -1.20541
  -1.17962
  -1.14698
  -1.11388
  -1.08803
  -1.06097
  -1.03137
  -1.00205
  -0.97263
  -0.94886
  -0.92952
  -0.90240
  -0.86748
  -0.84007
  -0.81890
  -0.80094
  -0.77564
  -0.74476
  -0.71858
  -0.69629
  -0.67296
  -0.65420
  -0.64155
  -0.62534
  -0.60263
  -0.57639
  -0.54877
  -0.52223
  -0.49549
  -0.47089
  -0.45227
  -0.43974
  -0.41998
  -0.38985
  -0.35763
  -0.33666
  -0.32747
  -0.31522
  -0.29237
  -0.26469
  -0.24419
  -0.22825
  -0.21953
  -0.21144
  -0.19727
  -0.17835
  -0.16066
  -0.14094
  -0.11976
  -0.09989
  -0.08015
  -0.05878
  -0.04025
  -0.02123
  -0.00489
   0.00749
   0.02154
   0.03664
   0.05205
   0.06622
   0.08254
   0.09628
   0.10415
   0.11078
   0.11931
   0.13344
   0.14870
   0.15910
   0.16303
   0.16925
   0.18017
   0.19437
   0.21000
   0.22349
   0.24075
   0.26031
   0.26794
   0.27394
   0.28625
   0.29442
   0.29928
   0.30691
   0.31765
   0.32635
   0.33544
   0.34196
   0.34380
   0.34412
   0.35023
   0.36443
   0.37626
   0.38890
   0.40551
   0.42102
   0.43144
   0.43588
   0.44217
   0.45156
   0.46378
   0.47359
   0.47726
   0.47628
   0.47858
   0.48128
   0.48251
   0.49084
   0.50089
   0.50766
   0.51263
   0.52082
   0.53273
   0.54441
   0.54614
   0.54460
   0.54838
   0.55426
   0.55672
   0.56214
   0.57085
   0.57616
   0.57655
   0.57682
   0.57993
   0.58128
   0.58247
   0.58405
   0.58800
   0.58574
   0.58203
   0.58861
   0.59927
   0.60274
   0.60203
   0.60551
   0.61346
   0.62140
   0.62249
   0.62095
   0.62251
   0.62046
   0.61819
   0.62532
   0.63301
   0.63596
   0.63895
   0.64215
   0.64734
   0.64716
   0.63903
   0.63410
   0.64447
   0.65517
   0.65787
   0.65866
   0.66073
   0.66006
   0.64994
   0.64569
   0.65080
   0.65580
   0.65415
   0.65423
   0.65790
   0.65791
   0.65832
   0.66119
   0.65789
   0.64920
   0.64819
   0.65034
   0.64999
   0.65081
   0.64879
   0.64793
   0.65010
   0.64999
   0.65050
   0.65470
   0.65536
   0.65444
   0.65992
   0.65913
   0.65381
   0.64969
   0.64837
   0.64044
   0.62930
   0.62800
   0.63219
   0.63393
   0.63354
   0.63754
   0.63817
   0.63635
   0.63739
   0.63418
   0.62553
   0.62093
   0.62461
   0.62662
   0.62133
   0.61919
   0.62288
   0.62311
   0.61612
   0.61104
   0.60998
   0.61308
   0.61601
   0.61707
   0.61956
   0.62043
   0.61593
   0.61011
   0.60740
   0.60472
   0.60064
   0.59779
   0.59532
   0.59104
   0.59106
   0.59526
   0.59470
   0.59120
   0.59429
   0.59021
   0.57968
   0.57407
   0.57728
   0.58094
   0.58210
   0.58088
   0.57530
   0.57325
   0.56920
   0.56245
   0.55522
   0.55657
   0.56277
   0.56200
   0.55228
   0.54491
   0.54298
   0.54129
   0.54388
   0.54688
   0.54468
   0.53974
   0.53544
   0.52933
   0.52504
   0.52738
   0.53648
   0.54127
   0.53911
   0.53480
   0.53077
   0.52656
   0.51435
   0.50355
   0.50026
   0.49703
   0.48747
   0.48295
   0.48655
   0.49316
   0.49759
   0.49265
   0.49100
   0.49452
   0.49421
   0.48913
   0.47979
   0.46898
   0.46394
   0.46113
   0.45492
   0.44942
   0.45006
   0.45016
   0.44903
   0.44751
   0.45083
   0.45623
   0.45117
   0.44283
   0.44468
   0.45832
   0.45953
   0.44518
   0.43730
   0.43914
   0.44040
   0.43763
   0.43796
   0.44044
   0.44216
   0.43936
   0.42809
   0.42002
   0.42013
   0.41933
   0.41398
   0.41114
   0.40884
   0.40052
   0.39810
   0.40176
   0.40259
   0.40013
   0.39564
   0.39181
   0.38700
   0.38467
   0.38067
   0.37465
   0.36995
   0.37366
   0.37637
   0.37277
   0.37133
   0.36887
   0.36166
   0.35550
   0.35606
   0.35707
   0.35707
   0.35788
   0.35864
   0.35311
   0.34603
   0.34588
   0.35323
   0.35482
   0.34849
   0.34098
   0.33553
   0.33529
   0.33503
   0.32721
   0.31249
   0.30454
   0.30563
   0.31004
   0.31023
   0.30610
   0.30554
   0.30613
   0.30459
   0.30509
   0.30833
   0.30828
   0.30657
   0.30297
   0.29702
   0.29107
   0.29028
   0.29353
   0.29344
   0.29513
   0.29771
   0.29061
   0.27564
   0.27409
   0.27960
   0.27471
   0.26842
   0.27114
   0.27121
   0.26659
   0.26619
   0.26797
   0.26575
   0.26137
   0.25597
   0.25299
   0.25638
   0.25832
   0.25387
   0.25065
   0.25582
   0.25529
   0.24873
   0.24234
   0.23986
   0.24022
   0.23975
   0.23533
   0.23264
   0.23862
   0.24039
   0.23401
   0.22585
   0.22120
   0.22160
   0.22045
   0.21249
   0.20407
   0.20551
   0.21157
   0.21251
   0.20708
   0.20006
   0.19846
   0.20302
   0.20363
   0.20065
   0.19967
   0.19884
   0.19567
   0.19820
   0.20712
   0.20723
   0.19838
   0.19019
   0.18532
   0.18089
   0.17874
   0.17845
   0.17356
   0.16711
   0.16382
   0.16330
   0.16284
   0.16329
   0.16764
   0.17171
   0.17502
   0.17144
   0.16615
   0.16489
   0.16649
   0.16458
   0.16151
   0.15819
   0.15547
   0.15635
   0.15451
   0.14838
   0.14284
   0.14358
   0.14353
   0.14510
   0.14717
   0.15347
   0.15827
   0.15570
   0.14750
   0.14030
   0.13661
   0.13176
   0.12856
   0.12522
   0.12131
   0.11468
   0.11265
   0.11687
   0.12226
   0.12387
   0.12595
   0.12752
   0.12469
   0.11896
   0.11202
   0.10364
   0.09895
   0.10215
   0.10753
   0.11057
   0.10805
   0.09968
   0.09477
   0.10032
   0.10203
   0.09746
   0.09574
   0.10049
   0.10193
   0.09736
   0.09603
   0.09751
   0.09704
   0.09562
   0.10107
   0.10343
   0.09982
   0.09806
   0.09527
   0.09286
   0.08992
   0.08939
   0.08962
   0.08914
   0.08621
   0.08216
   0.08214
   0.08047
   0.07777
   0.07713
   0.08232
   0.08305
   0.07793
   0.08047
   0.08793
   0.08779
   0.08134
   0.07997
   0.07876
   0.07499
   0.07402
   0.08033
   0.07926
   0.07189
   0.06768
   0.07011
   0.07155
   0.07028
   0.06662
   0.06104
   0.05860
   0.05831
   0.05955
   0.05681
   0.05185
   0.04722
   0.04608
   0.04913
   0.05291
   0.05472
   0.05378
   0.05409
   0.05451
   0.05389
   0.05104
   0.05091
   0.05338
   0.05104
   0.04524
   0.03705
   0.03484
   0.04241
   0.04955
   0.04530
   0.03940
   0.03982
   0.04342
   0.04610
   0.04494
   0.04222
   0.03856
   0.03408
   0.03675
   0.04016
   0.03410
   0.02621
   0.02726
   0.02905
   0.02924
   0.03221
   0.03288
   0.03284
   0.03471
   0.03733
   0.03465
   0.03336
   0.03345
   0.02946
   0.02643
   0.02319
   0.01972
   0.01579
   0.01983
   0.02365
   0.01795
   0.00923
   0.00750
   0.01266
   0.01650
   0.02036
   0.02094
   0.01913
   0.01444
   0.01277
   0.01537
   0.01418
   0.00843
   0.00515
   0.00639
   0.00934
   0.01246
   0.01163
   0.01278
   0.01413
   0.01240
   0.01494
   0.01679
   0.00918
  -0.00101
  -0.00096
   0.00361
   0.00391
   0.00029
   0.00229
   0.00227
  -0.00227
   0.00270
   0.01582
   0.01943
   0.01151
   0.00582
   0.00042
  -0.00539
  -0.00849
  -0.01095
  -0.02158
  -0.02799
  -0.02571
  -0.01688
  -0.00747
   0.00101
   0.00234
  -0.00264
  -0.00186
   0.00466
   0.01373
   0.01310
   0.01096
   0.00901
   0.00365
  -0.00043
  -0.00148
  -0.00518
  -0.01443
  -0.01625
  -0.01287
  -0.01368
  -0.01379
  -0.00792
  -0.00345
  -0.00601
  -0.01062
  -0.01588
  -0.01985
  -0.01983
  -0.01107
  -0.00603
  -0.00523
  -0.00325
  -0.00173
  -0.00727
  -0.01112
  -0.00880
  -0.01336
  -0.01568
  -0.00755
   0.00143
   0.00184
   0.00067
  -0.00235
  -0.00663
  -0.00742
  -0.00230
   0.00087
  -0.00445
  -0.01010
  -0.00834
  -0.00787
  -0.01427
  -0.01228
  -0.00168
   0.00067
  -0.00672
  -0.00978
  -0.00802
  -0.00262
   0.00474
   0.00853
   0.00795
   0.00854
   0.00595
  -0.00440
  -0.01347
  -0.01600
  -0.00955
  -0.00251
  -0.00083
  -0.00445
  -0.00569
  -0.00439
  -0.00328
  -0.00326
  -0.00387
  -0.00683
  -0.01132
  -0.01401
  -0.01646
  -0.01831
  -0.02168
  -0.01925
  -0.00890
  -0.00128
   0.00266
   0.01352
   0.02213
   0.01760
   0.00947
   0.00631
   0.00709
   0.00773
   0.00701
   0.00323
   0.00019
  -0.00025
  -0.00707
  -0.01386
  -0.01126
  -0.00769
  -0.00922
  -0.01120
  -0.00711
  -0.00652
  -0.00821
  -0.01083
  -0.01016
  -0.00564
   0.00103
   0.00733
   0.01497
   0.02984
   0.03898
   0.04149
   0.04185
   0.04000
   0.04177
   0.04286
   0.04228
   0.04135
   0.04185
   0.03967
   0.03929
   0.03951
   0.03533
   0.03151
   0.03184
   0.04111
   0.04366
   0.03668
   0.02891
   0.02926
   0.03308
   0.03551
   0.04021
   0.04684
   0.05258
   0.04964
   0.04356
   0.03995
   0.03659
   0.03524
   0.03787
   0.04372
   0.04908
   0.04694
   0.04035
   0.04069
   0.04993
   0.05160
   0.05259
   0.05134
   0.04644
   0.04445
   0.04285
   0.03942
   0.03833
   0.04162
   0.03947
   0.04225
   0.04666
   0.04872
   0.04677
   0.04700
   0.04940
   0.05439
   0.05931
   0.05957
   0.05889
   0.06045
   0.06043
   0.05935
   0.06435
   0.07330
   0.07239
   0.06770
   0.06652
   0.06657
   0.06427
   0.06340
   0.06364
   0.06240
   0.06297
   0.06635
   0.07619
   0.08385
   0.08524
   0.07985
   0.07618
   0.08149
   0.09393
   0.10450
   0.10662
   0.10498
   0.10317
   0.09933
   0.09164
   0.08708
   0.08851
   0.08572
   0.08204
   0.08343
   0.08785
   0.09273
   0.09731
   0.10332
   0.10874
   0.10899
   0.10284
   0.10138
   0.10708
   0.11486
   0.12143
   0.12910
   0.13109
   0.13139
   0.14083
   0.15000
   0.15413
   0.15693
   0.16697
   0.17943
   0.19673
   0.20811
   0.24102
   0.22533
   0.27487
   0.29319
   0.14468
