  -0.00000
   2.58405
   5.85191
   9.71810
  12.99638
  15.52805
  17.31897
  18.44951
  19.08388
  19.33333
  19.13397
  18.63825
  17.93245
  17.07085
  16.12798
  15.13465
  14.11145
  13.12506
  12.19961
  11.33115
  10.50214
   9.72308
   8.98289
   8.27779
   7.62139
   7.00094
   6.40535
   5.84141
   5.29031
   4.76035
   4.26020
   3.77097
   3.29470
   2.84418
   2.41223
   1.98811
   1.57936
   1.18539
   0.81054
   0.45913
   0.11273
  -0.22760
  -0.54353
  -0.84362
  -1.13832
  -1.41934
  -1.68571
  -1.94309
  -2.18619
  -2.41594
  -2.63836
  -2.84868
  -3.04644
  -3.23824
  -3.42307
  -3.59746
  -3.76078
  -3.91491
  -4.06225
  -4.20222
  -4.33369
  -4.45805
  -4.57580
  -4.68356
  -4.78146
  -4.87287
  -4.95947
  -5.04104
  -5.11561
  -5.18364
  -5.24663
  -5.30431
  -5.35495
  -5.39953
  -5.44023
  -5.47752
  -5.51005
  -5.53720
  -5.55972
  -5.58070
  -5.59726
  -5.61083
  -5.62205
  -5.63008
  -5.63388
  -5.63066
  -5.62540
  -5.62001
  -5.61213
  -5.60162
  -5.58645
  -5.56857
  -5.54752
  -5.52621
  -5.50347
  -5.47829
  -5.45039
  -5.42083
  -5.38816
  -5.35566
  -5.32088
  -5.28379
  -5.24729
  -5.20853
  -5.16800
  -5.12634
  -5.08253
  -5.03755
  -4.99351
  -4.94783
  -4.90151
  -4.85510
  -4.80690
  -4.75704
  -4.70671
  -4.65770
  -4.60764
  -4.55631
  -4.50416
  -4.45295
  -4.40054
  -4.34607
  -4.29238
  -4.23736
  -4.18206
  -4.12785
  -4.07348
  -4.01748
  -3.96013
  -3.90279
  -3.84528
  -3.79016
  -3.73577
  -3.67881
  -3.62260
  -3.56866
  -3.51305
  -3.45746
  -3.40173
  -3.34497
  -3.28853
  -3.23370
  -3.17933
  -3.12479
  -3.06981
  -3.01479
  -2.96037
  -2.90604
  -2.85279
  -2.79901
  -2.74573
  -2.69288
  -2.63844
  -2.58716
  -2.53551
  -2.48378
  -2.43244
  -2.38249
  -2.33363
  -2.28414
  -2.23324
  -2.18327
  -2.13489
  -2.08747
  -2.03867
  -1.98893
  -1.94187
  -1.89614
  -1.84830
  -1.80237
  -1.75530
  -1.70894
  -1.66308
  -1.61960
  -1.57764
  -1.53484
  -1.49064
  -1.44703
  -1.40436
  -1.36235
  -1.32028
  -1.27800
  -1.23792
  -1.19727
  -1.15516
  -1.11366
  -1.07422
  -1.03531
  -0.99653
  -0.95829
  -0.92246
  -0.88439
  -0.84663
  -0.80990
  -0.77320
  -0.73711
  -0.70134
  -0.66634
  -0.63179
  -0.59911
  -0.56366
  -0.52925
  -0.49559
  -0.46341
  -0.43360
  -0.40488
  -0.37597
  -0.34681
  -0.31673
  -0.28606
  -0.25581
  -0.22691
  -0.20050
  -0.17263
  -0.14509
  -0.11814
  -0.08997
  -0.06349
  -0.03918
  -0.01429
   0.00998
   0.03334
   0.05752
   0.08345
   0.10712
   0.13004
   0.15418
   0.17774
   0.19986
   0.22135
   0.24128
   0.26164
   0.28244
   0.30291
   0.32373
   0.34292
   0.36200
   0.38090
   0.40013
   0.41866
   0.43719
   0.45588
   0.47362
   0.48886
   0.50383
   0.52081
   0.53755
   0.55264
   0.56850
   0.58455
   0.59922
   0.61419
   0.62804
   0.64142
   0.65456
   0.66831
   0.68333
   0.69807
   0.71121
   0.72306
   0.73376
   0.74604
   0.75605
   0.76624
   0.77763
   0.78986
   0.80118
   0.81211
   0.82181
   0.83095
   0.84013
   0.84823
   0.85820
   0.86808
   0.87726
   0.88430
   0.89179
   0.90050
   0.90930
   0.91675
   0.92548
   0.93406
   0.94245
   0.95068
   0.95801
   0.96477
   0.97027
   0.97576
   0.98259
   0.98854
   0.99492
   0.99997
   1.00451
   1.01063
   1.01607
   1.02004
   1.02592
   1.03049
   1.03378
   1.03634
   1.04044
   1.04542
   1.04880
   1.05108
   1.05398
   1.05643
   1.05863
   1.06153
   1.06400
   1.06619
   1.06883
   1.06984
   1.07209
   1.07517
   1.07701
   1.07812
   1.07905
   1.07959
   1.08054
   1.08129
   1.08225
   1.08361
   1.08545
   1.08518
   1.08532
   1.08562
   1.08535
   1.08610
   1.08599
   1.08519
   1.08493
   1.08450
   1.08316
   1.08184
   1.08015
   1.07907
   1.07811
   1.07695
   1.07610
   1.07570
   1.07581
   1.07551
   1.07422
   1.07097
   1.06835
   1.06763
   1.06662
   1.06417
   1.06218
   1.05968
   1.05655
   1.05395
   1.05322
   1.05246
   1.05040
   1.04670
   1.04343
   1.04125
   1.03750
   1.03302
   1.02988
   1.02809
   1.02385
   1.02154
   1.01856
   1.01457
   1.01047
   1.00622
   1.00258
   0.99867
   0.99573
   0.99245
   0.98880
   0.98617
   0.98153
   0.97779
   0.97457
   0.97121
   0.96632
   0.96256
   0.95913
   0.95507
   0.95070
   0.94690
   0.94372
   0.93909
   0.93517
   0.93118
   0.92751
   0.92490
   0.92050
   0.91472
   0.91116
   0.90697
   0.90207
   0.89884
   0.89507
   0.89072
   0.88530
   0.87900
   0.87487
   0.87121
   0.86777
   0.86244
   0.85862
   0.85574
   0.85201
   0.84693
   0.84314
   0.83884
   0.83381
   0.82948
   0.82480
   0.81975
   0.81380
   0.80867
   0.80484
   0.79994
   0.79423
   0.78906
   0.78434
   0.78094
   0.77610
   0.77105
   0.76673
   0.76240
   0.75838
   0.75310
   0.74897
   0.74558
   0.74136
   0.73626
   0.73090
   0.72622
   0.72161
   0.71660
   0.71216
   0.70854
   0.70458
   0.69983
   0.69555
   0.69048
   0.68514
   0.68077
   0.67588
   0.67130
   0.66779
   0.66521
   0.66221
   0.65653
   0.65111
   0.64630
   0.64203
   0.63767
   0.63188
   0.62551
   0.62119
   0.61705
   0.61286
   0.60933
   0.60624
   0.60191
   0.59801
   0.59431
   0.58954
   0.58566
   0.58134
   0.57554
   0.57059
   0.56669
   0.56212
   0.55636
   0.55165
   0.54788
   0.54393
   0.53972
   0.53604
   0.53142
   0.52790
   0.52423
   0.51897
   0.51295
   0.50823
   0.50427
   0.50056
   0.49747
   0.49243
   0.48695
   0.48342
   0.47994
   0.47534
   0.47128
   0.46794
   0.46317
   0.45887
   0.45632
   0.45297
   0.44938
   0.44410
   0.43928
   0.43571
   0.43337
   0.43028
   0.42549
   0.42168
   0.41852
   0.41369
   0.40975
   0.40508
   0.40083
   0.39586
   0.39315
   0.39244
   0.38892
   0.38422
   0.38109
   0.37708
   0.37469
   0.37211
   0.36995
   0.36698
   0.36217
   0.35746
   0.35460
   0.35161
   0.34836
   0.34454
   0.34058
   0.33642
   0.33304
   0.33005
   0.32594
   0.32122
   0.31854
   0.31506
   0.31062
   0.30579
   0.30375
   0.30041
   0.29691
   0.29289
   0.28953
   0.28674
   0.28411
   0.28109
   0.27856
   0.27504
   0.26978
   0.26606
   0.26496
   0.26350
   0.26080
   0.25791
   0.25328
   0.24940
   0.24766
   0.24546
   0.24243
   0.23860
   0.23493
   0.23328
   0.23066
   0.22786
   0.22406
   0.22033
   0.21729
   0.21551
   0.21188
   0.21032
   0.20819
   0.20519
   0.20265
   0.20009
   0.19670
   0.19239
   0.18857
   0.18536
   0.18354
   0.18158
   0.17864
   0.17523
   0.17388
   0.17315
   0.17075
   0.16833
   0.16698
   0.16556
   0.16403
   0.16224
   0.16053
   0.15676
   0.15362
   0.15120
   0.14864
   0.14550
   0.14220
   0.13947
   0.13846
   0.13746
   0.13467
   0.13307
   0.13127
   0.12962
   0.12853
   0.12661
   0.12329
   0.12030
   0.11727
   0.11519
   0.11324
   0.11188
   0.10982
   0.10785
   0.10684
   0.10418
   0.10097
   0.09948
   0.09874
   0.09697
   0.09592
   0.09456
   0.09416
   0.09303
   0.09251
   0.09111
   0.09000
   0.08894
   0.08782
   0.08425
   0.08125
   0.07922
   0.07587
   0.07507
   0.07549
   0.07478
   0.07254
   0.07103
   0.06955
   0.06714
   0.06717
   0.06580
   0.06412
   0.06198
   0.06089
   0.05885
   0.05723
   0.05580
   0.05356
   0.05225
   0.05131
   0.04981
   0.04902
   0.04782
   0.04518
   0.04298
   0.04090
   0.03967
   0.03797
   0.03650
   0.03529
   0.03408
   0.03472
   0.03439
   0.03285
   0.03178
   0.03172
   0.03063
   0.02902
   0.02802
   0.02705
   0.02574
   0.02638
   0.02672
   0.02461
   0.02298
   0.02036
   0.01914
   0.01786
   0.01612
   0.01462
   0.01437
   0.01354
   0.01200
   0.01214
   0.01296
   0.01159
   0.01004
   0.00944
   0.00814
   0.00707
   0.00605
   0.00446
   0.00371
   0.00392
   0.00248
  -0.00020
  -0.00060
   0.00079
   0.00001
  -0.00115
  -0.00134
  -0.00081
  -0.00235
  -0.00259
  -0.00239
  -0.00339
  -0.00558
  -0.00743
  -0.00867
  -0.00838
  -0.00780
  -0.00787
  -0.00840
  -0.00905
  -0.00946
  -0.00928
  -0.01042
  -0.01145
  -0.01260
  -0.01316
  -0.01340
  -0.01373
  -0.01408
  -0.01490
  -0.01716
  -0.01704
  -0.01641
  -0.01803
  -0.01880
  -0.01819
  -0.01800
  -0.01932
  -0.02005
  -0.02197
  -0.02247
  -0.02313
  -0.02402
  -0.02309
  -0.02313
  -0.02428
  -0.02549
  -0.02561
  -0.02722
  -0.03016
  -0.03168
  -0.03156
  -0.03045
  -0.03092
  -0.03057
  -0.03038
  -0.03043
  -0.03158
  -0.03311
  -0.03327
  -0.03243
  -0.03362
  -0.03540
  -0.03642
  -0.03685
  -0.03720
  -0.03662
  -0.03657
  -0.03585
  -0.03624
  -0.03627
  -0.03781
  -0.03920
  -0.03841
  -0.03726
  -0.03700
  -0.03698
  -0.03844
  -0.03928
  -0.03951
  -0.04029
  -0.04069
  -0.03962
  -0.03919
  -0.03926
  -0.03942
  -0.04013
  -0.04048
  -0.04069
  -0.04078
  -0.04200
  -0.04119
  -0.04049
  -0.04009
  -0.04080
  -0.04022
  -0.03949
  -0.03928
  -0.03918
  -0.03879
  -0.03961
  -0.03981
  -0.03908
  -0.03918
  -0.03877
  -0.03793
  -0.03793
  -0.03890
  -0.03842
  -0.03976
  -0.04098
  -0.04054
  -0.04123
  -0.04198
  -0.04045
  -0.03917
  -0.03946
  -0.03962
  -0.03801
  -0.03773
  -0.03717
  -0.03698
  -0.03828
  -0.04015
  -0.04112
  -0.04082
  -0.04156
  -0.04060
  -0.04022
  -0.04007
  -0.03858
  -0.03707
  -0.03584
  -0.03551
  -0.03548
  -0.03628
  -0.03849
  -0.03775
  -0.03668
  -0.03654
  -0.03739
  -0.03710
  -0.03822
  -0.03869
  -0.03945
  -0.04061
  -0.04114
  -0.04093
  -0.04203
  -0.04186
  -0.04099
  -0.04022
  -0.04061
  -0.04047
  -0.03899
  -0.03954
  -0.04026
  -0.03993
  -0.03878
  -0.03699
  -0.03766
  -0.03888
  -0.03720
  -0.03545
  -0.03411
  -0.03397
  -0.03316
  -0.03278
  -0.03388
  -0.03469
  -0.03338
  -0.03355
  -0.03477
  -0.03668
  -0.03743
  -0.03577
  -0.03475
  -0.03597
  -0.03499
  -0.03271
  -0.03080
  -0.03052
  -0.03189
  -0.03185
  -0.03276
  -0.03292
  -0.03339
  -0.03273
  -0.03188
  -0.03319
  -0.03513
  -0.03491
  -0.03468
  -0.03478
  -0.03311
  -0.03234
  -0.03203
  -0.03045
  -0.02957
  -0.02957
  -0.02957
  -0.02957
  -0.02957
  -0.02957
  -0.02957
  -0.02957
  -0.02957
  -0.02957
  -0.02957
  -0.02957
  -0.02957
  -0.02957
  -0.02957
  -0.02957
  -0.02957
  -0.02957
  -0.02957
  -0.02957
  -0.02957
  -0.02957
  -0.02957
  -0.02957
  -0.02957
  -0.02957
  -0.02957
  -0.02957
  -0.02957
  -0.02957
  -0.02957
  -0.02957
  -0.02957
  -0.02957
  -0.02957
  -0.02957
  -0.02957
  -0.02957
  -0.02957
  -0.02957
  -0.02957
  -0.02957
  -0.02957
  -0.02957
  -0.02957
  -0.02957
  -0.02957
  -0.02957
  -0.02957
  -0.02957
  -0.02957
  -0.02957
  -0.02957
  -0.02957
  -0.02957
  -0.02957
  -0.02957
  -0.02957
  -0.02957
  -0.02957
  -0.02957
  -0.02957
  -0.02957
  -0.02957
  -0.02957
  -0.02957
  -0.02957
  -0.02957
  -0.02957
  -0.02957
  -0.02957
  -0.02957
  -0.02957
  -0.02957
  -0.02957
  -0.02957
  -0.02957
  -0.02957
  -0.02957
  -0.02957
  -0.02957
  -0.02957
  -0.02957
  -0.02957
  -0.02957
  -0.02957
  -0.02957
  -0.02957
  -0.02957
  -0.02957
  -0.02957
  -0.02957
  -0.02957
  -0.02957
  -0.02957
  -0.02957
  -0.02957
  -0.02957
  -0.02957
  -0.02957
  -0.02957
  -0.02957
  -0.02957
  -0.02957
  -0.02957
  -0.02957
  -0.02957
  -0.02957
  -0.02957
  -0.02957
  -0.02957
  -0.02957
  -0.02957
  -0.02957
  -0.02957
  -0.02957
  -0.02957
  -0.02957
  -0.02957
  -0.02957
  -0.02957
  -0.02957
  -0.02957
  -0.02957
  -0.02957
  -0.02957
  -0.02957
  -0.02957
  -0.02957
  -0.02957
  -0.02957
  -0.02957
