   0.22010
   0.16206
   0.10773
   0.13580
   0.20446
   0.26632
   0.41612
   0.79606
   1.43929
   2.34730
   3.51979
   4.82553
   6.13423
   7.45107
   9.08682
  10.64295
  10.80081
   9.54033
   8.24882
   7.42816
   6.68936
   5.94591
   5.28100
   4.74631
   4.29717
   3.97290
   3.75402
   3.54268
   3.30085
   3.10269
   2.95135
   2.76616
   2.53283
   2.32593
   2.15986
   1.95796
   1.74296
   1.55577
   1.37480
   1.17743
   1.00525
   0.85431
   0.70018
   0.52570
   0.35667
   0.19721
   0.04935
  -0.09087
  -0.20971
  -0.30866
  -0.41566
  -0.52497
  -0.61136
  -0.69064
  -0.78117
  -0.87371
  -0.96381
  -1.04632
  -1.11788
  -1.18545
  -1.25689
  -1.31426
  -1.35557
  -1.39444
  -1.44605
  -1.49994
  -1.56230
  -1.61371
  -1.66456
  -1.72112
  -1.78382
  -1.82458
  -1.85929
  -1.87876
  -1.88671
  -1.89983
  -1.92591
  -1.93318
  -1.91857
  -1.92618
  -1.95187
  -1.97161
  -1.98829
  -1.99583
  -1.99068
  -1.99670
  -2.00894
  -2.02698
  -2.03550
  -2.03545
  -2.03907
  -2.04509
  -2.04592
  -2.03108
  -2.00282
  -1.99624
  -1.99370
  -1.97120
  -1.95028
  -1.94564
  -1.94048
  -1.92645
  -1.90681
  -1.89396
  -1.89834
  -1.91156
  -1.90686
  -1.88802
  -1.87028
  -1.84431
  -1.83131
  -1.83280
  -1.81183
  -1.77305
  -1.75599
  -1.76324
  -1.76933
  -1.75719
  -1.73781
  -1.71345
  -1.69171
  -1.67880
  -1.65357
  -1.61264
  -1.58892
  -1.57543
  -1.56126
  -1.52884
  -1.50332
  -1.48486
  -1.47693
  -1.45641
  -1.43002
  -1.41098
  -1.40065
  -1.38048
  -1.36178
  -1.34076
  -1.31959
  -1.30728
  -1.30311
  -1.29965
  -1.27083
  -1.22077
  -1.18037
  -1.16647
  -1.15965
  -1.12286
  -1.07071
  -1.04490
  -1.02968
  -1.01315
  -1.01190
  -1.01745
  -1.01211
  -1.00200
  -1.00366
  -1.01252
  -0.99427
  -0.96783
  -0.95257
  -0.93000
  -0.90025
  -0.88277
  -0.86977
  -0.85543
  -0.82932
  -0.81170
  -0.79327
  -0.76672
  -0.75532
  -0.75793
  -0.73551
  -0.71402
  -0.70092
  -0.68185
  -0.66291
  -0.66347
  -0.66085
  -0.64558
  -0.63575
  -0.64115
  -0.62155
  -0.58875
  -0.56355
  -0.55211
  -0.54542
  -0.54349
  -0.53129
  -0.51334
  -0.48527
  -0.46673
  -0.45523
  -0.43808
  -0.41558
  -0.40587
  -0.40308
  -0.39895
  -0.39098
  -0.38496
  -0.37705
  -0.36673
  -0.35254
  -0.33978
  -0.31189
  -0.27873
  -0.27814
  -0.28775
  -0.26722
  -0.24065
  -0.22612
  -0.21277
  -0.20989
  -0.19905
  -0.16172
  -0.13382
  -0.13378
  -0.14063
  -0.14204
  -0.12531
  -0.10946
  -0.10852
  -0.09853
  -0.08700
  -0.08952
  -0.08663
  -0.07355
  -0.07134
  -0.06867
  -0.05108
  -0.03402
  -0.03052
  -0.01667
   0.01363
   0.02606
   0.00768
  -0.00297
   0.01337
   0.03067
   0.03512
   0.04166
   0.05340
   0.04829
   0.05668
   0.09482
   0.12300
   0.12671
   0.12064
   0.12689
   0.14525
   0.15803
   0.15884
   0.15434
   0.14548
   0.14414
   0.14814
   0.16615
   0.18970
   0.21237
   0.21726
   0.21064
   0.21324
   0.21725
   0.21332
   0.21305
   0.20673
   0.19412
   0.19895
   0.21346
   0.20818
   0.19974
   0.20999
   0.22750
   0.23589
   0.24802
   0.25903
   0.25905
   0.25921
   0.26561
   0.27179
   0.28281
   0.29546
   0.30920
   0.31874
   0.30794
   0.28509
   0.27955
   0.28326
   0.28829
   0.29329
   0.28797
   0.28791
   0.30539
   0.32303
   0.32813
   0.32450
   0.30945
   0.29548
   0.29086
   0.30077
   0.32124
   0.34841
   0.36080
   0.34739
   0.33197
   0.32743
   0.32796
   0.32822
   0.31822
   0.30614
   0.30261
   0.31387
   0.33583
   0.36370
   0.37460
   0.37527
   0.36574
   0.35226
   0.32961
   0.32034
   0.32181
   0.32618
   0.33418
   0.34421
   0.34780
   0.36453
   0.36581
   0.34594
   0.33927
   0.35810
   0.37499
   0.37424
   0.36063
   0.35885
   0.35477
   0.34757
   0.33067
   0.32642
   0.33625
   0.35146
   0.35899
   0.35731
   0.33939
   0.32798
   0.33223
   0.34030
   0.34035
   0.34673
   0.35869
   0.35090
   0.33136
   0.33057
   0.35252
   0.36970
   0.36073
   0.34088
   0.33183
   0.33261
   0.32889
   0.33070
   0.32089
   0.29973
   0.30707
   0.34734
   0.35917
   0.34344
   0.32747
   0.33371
   0.34674
   0.34194
   0.32734
   0.31916
   0.32141
   0.32443
   0.32396
   0.31748
   0.31441
   0.32324
   0.32403
   0.29723
   0.28133
   0.28310
   0.29132
   0.31087
   0.32975
   0.32392
   0.31573
   0.30297
   0.29987
   0.29811
   0.29095
   0.28176
   0.29730
   0.31767
   0.32461
   0.30470
   0.29148
   0.29939
   0.29921
   0.28406
   0.27798
   0.28108
   0.27759
   0.26439
   0.25075
   0.24252
   0.23658
   0.22301
   0.22719
   0.25673
   0.27336
   0.27463
   0.27789
   0.27636
   0.27647
   0.27188
   0.26011
   0.25342
   0.24616
   0.23260
   0.22151
   0.22055
   0.21228
   0.20890
   0.23006
   0.25678
   0.26388
   0.26006
   0.24420
   0.24370
   0.26006
   0.25943
   0.23630
   0.19609
   0.16797
   0.17833
   0.20448
   0.21452
   0.21723
   0.21684
   0.21178
   0.21117
   0.22204
   0.22790
   0.22417
   0.20150
   0.17651
   0.18300
   0.19769
   0.17737
   0.16393
   0.15926
   0.15662
   0.15667
   0.15605
   0.14316
   0.14836
   0.15289
   0.15624
   0.16851
   0.18187
   0.18118
   0.17983
   0.17014
   0.15627
   0.13921
   0.12352
   0.12177
   0.13409
   0.14199
   0.15240
   0.17289
   0.17875
   0.16104
   0.15142
   0.15472
   0.15384
   0.14445
   0.12999
   0.12041
   0.11770
   0.11991
   0.13432
   0.15274
   0.15365
   0.15027
   0.14015
   0.13360
   0.13047
   0.12770
   0.09966
   0.07695
   0.07916
   0.08975
   0.09428
   0.11118
   0.11305
   0.08478
   0.06820
   0.07179
   0.07463
   0.07060
   0.07524
   0.06854
   0.07543
   0.10252
   0.13607
   0.14403
   0.12832
   0.11952
   0.12220
   0.11474
   0.11558
   0.11874
   0.10166
   0.07788
   0.06589
   0.06340
   0.06400
   0.05098
   0.05185
   0.07347
   0.07619
   0.05019
   0.03945
   0.05419
   0.06624
   0.07571
   0.08192
   0.08127
   0.06953
   0.05522
   0.04737
   0.05107
   0.04384
   0.03161
   0.03073
   0.03902
   0.04456
   0.03914
   0.03672
   0.04905
   0.07727
   0.08405
   0.06549
   0.04735
   0.04340
   0.03684
   0.03414
   0.03398
   0.04145
   0.04114
   0.04007
   0.03542
   0.02545
   0.01929
   0.02393
   0.02344
   0.03598
   0.05785
   0.07215
   0.06611
   0.05344
   0.04291
   0.03542
   0.02056
   0.01185
   0.01223
   0.02267
   0.03386
   0.04256
   0.05728
   0.04943
   0.01892
   0.00889
   0.00406
  -0.01658
  -0.03033
  -0.03557
  -0.02936
  -0.03289
  -0.04106
  -0.02510
   0.00069
   0.01861
   0.03147
   0.02740
   0.00743
  -0.01151
  -0.02358
  -0.01637
  -0.00845
  -0.01519
  -0.02514
  -0.02289
  -0.02927
  -0.04682
  -0.04932
  -0.03422
  -0.03129
  -0.03270
  -0.03055
  -0.02424
  -0.03177
  -0.04409
  -0.04214
  -0.03116
  -0.03159
  -0.02756
  -0.02207
  -0.01955
  -0.03173
  -0.04058
  -0.03666
  -0.04582
  -0.05460
  -0.03782
  -0.02078
  -0.02137
  -0.03285
  -0.03406
  -0.02155
  -0.02513
  -0.03784
  -0.03651
  -0.04109
  -0.05292
  -0.05687
  -0.05957
  -0.05898
  -0.04158
  -0.02563
  -0.01674
  -0.00667
   0.00727
   0.00750
  -0.00829
  -0.01425
  -0.00759
  -0.00348
  -0.01445
  -0.03565
  -0.03868
  -0.02527
  -0.02819
  -0.03878
  -0.03764
  -0.02835
  -0.02184
  -0.01805
  -0.01299
  -0.01786
  -0.03233
  -0.04947
  -0.06235
  -0.07325
  -0.07661
  -0.07680
  -0.06866
  -0.05418
  -0.04073
  -0.04268
  -0.04993
  -0.05270
  -0.05452
  -0.06168
  -0.06556
  -0.05043
  -0.02712
  -0.01537
  -0.01981
  -0.02217
  -0.01763
  -0.00719
   0.00099
  -0.00884
  -0.03371
  -0.05649
  -0.06706
  -0.07181
  -0.09093
  -0.10894
  -0.09637
  -0.06931
  -0.05243
  -0.03458
  -0.02494
  -0.02271
  -0.02803
  -0.04111
  -0.05430
  -0.06236
  -0.07781
  -0.09095
  -0.08645
  -0.07881
  -0.06591
  -0.05180
  -0.06448
  -0.07879
  -0.06623
  -0.05750
  -0.05581
  -0.05055
  -0.05657
  -0.06273
  -0.06972
  -0.08038
  -0.08693
  -0.10117
  -0.10612
  -0.09479
  -0.09008
  -0.09311
  -0.09021
  -0.10039
  -0.09426
  -0.07143
  -0.05326
  -0.05590
  -0.05812
  -0.05034
  -0.03370
  -0.02977
  -0.03479
  -0.05384
  -0.08433
  -0.11013
  -0.11775
  -0.11396
  -0.09185
  -0.07765
  -0.08770
  -0.09968
  -0.09095
  -0.07861
  -0.06760
  -0.05880
  -0.05635
  -0.06651
  -0.07148
  -0.07046
  -0.06125
  -0.05888
  -0.06846
  -0.06565
  -0.05884
  -0.08457
  -0.12467
  -0.13388
  -0.11224
  -0.08680
  -0.07195
  -0.06813
  -0.07714
  -0.07631
  -0.07110
  -0.06000
  -0.04871
  -0.05138
  -0.06466
  -0.06477
  -0.05669
  -0.05799
  -0.07189
  -0.07275
  -0.06763
  -0.06585
  -0.06563
  -0.06638
  -0.08399
  -0.08830
  -0.07159
  -0.06565
  -0.08571
  -0.09836
  -0.09409
  -0.08801
  -0.09124
  -0.09930
  -0.10398
  -0.10555
  -0.09217
  -0.07045
  -0.06188
  -0.06370
  -0.06721
  -0.07298
  -0.06685
  -0.05782
  -0.05546
  -0.05856
  -0.05930
  -0.06633
  -0.07978
  -0.09020
  -0.08313
  -0.07903
  -0.08705
  -0.09734
  -0.10054
  -0.10454
  -0.10339
  -0.09002
  -0.10026
  -0.11022
  -0.09808
  -0.08799
  -0.08781
  -0.08272
  -0.07778
  -0.07833
  -0.08975
  -0.09494
  -0.08408
  -0.06086
  -0.05410
  -0.06093
  -0.05880
  -0.05247
  -0.05233
  -0.05488
  -0.07406
  -0.08112
  -0.07390
  -0.07937
  -0.08690
  -0.07799
  -0.08553
  -0.10000
  -0.09676
  -0.08987
  -0.08271
  -0.06788
  -0.07111
  -0.09241
  -0.09944
  -0.08778
  -0.08057
  -0.07674
  -0.06556
  -0.05126
  -0.05126
  -0.05107
  -0.04837
  -0.04645
  -0.04955
  -0.05299
  -0.06393
  -0.06583
  -0.07328
  -0.08945
  -0.08980
  -0.08018
  -0.08346
  -0.09306
  -0.09364
  -0.07682
  -0.04489
  -0.03772
  -0.04301
  -0.04689
  -0.05125
  -0.05644
  -0.05273
  -0.05568
  -0.06392
  -0.07175
  -0.08017
  -0.09548
  -0.10545
  -0.09471
  -0.08906
  -0.07940
  -0.06993
  -0.07471
  -0.08971
  -0.08515
  -0.09325
  -0.09799
  -0.09546
  -0.09437
  -0.10020
  -0.08570
  -0.07031
  -0.05608
  -0.05316
  -0.06392
  -0.07254
  -0.06426
  -0.06242
  -0.07180
  -0.07617
  -0.07732
  -0.06918
  -0.07801
  -0.08196
  -0.08716
  -0.09432
  -0.10116
  -0.09815
  -0.10019
  -0.10242
  -0.10812
  -0.11025
  -0.11127
  -0.11490
  -0.10855
  -0.09553
  -0.07222
  -0.06792
  -0.08733
  -0.10698
  -0.09986
  -0.09857
  -0.11264
  -0.12205
  -0.11399
  -0.10891
  -0.11534
  -0.11541
  -0.10577
  -0.10810
  -0.09672
  -0.06841
  -0.06261
  -0.07005
  -0.06276
  -0.05395
  -0.06242
  -0.07339
  -0.07863
  -0.07853
  -0.08784
  -0.09261
  -0.09976
  -0.10344
  -0.09797
  -0.08419
  -0.08529
  -0.08547
  -0.07997
  -0.08344
  -0.08882
  -0.08652
  -0.07259
  -0.05925
  -0.04932
  -0.04902
  -0.05743
  -0.06335
  -0.06387
  -0.06405
  -0.06770
  -0.06661
  -0.05703
  -0.04544
  -0.05251
  -0.04638
  -0.03967
  -0.04393
  -0.03383
  -0.01756
  -0.02198
  -0.02928
  -0.02110
  -0.00663
  -0.01232
  -0.02561
  -0.01682
   0.00040
   0.01356
   0.02047
   0.00774
  -0.01259
   0.00539
   0.03386
   0.02527
   0.00178
   0.00216
   0.02039
   0.02894
   0.01880
   0.01295
   0.01440
   0.00587
  -0.00017
   0.00961
   0.01537
   0.01040
   0.01311
   0.02623
   0.03192
   0.04549
   0.05238
   0.03510
   0.02492
   0.03152
   0.03235
   0.02774
   0.03613
   0.03949
   0.03511
   0.03662
   0.05856
   0.07802
   0.08577
   0.08420
   0.08138
   0.08719
   0.09072
   0.10046
   0.12137
   0.12556
   0.11745
   0.12901
   0.15924
   0.18804
   0.20627
   0.22016
   0.24537
   0.23869
   0.22093
   0.22588
