  -0.00000
   2.14956
   3.20272
   4.47614
   5.84757
   7.15947
   8.28204
   9.25068
  10.12332
  10.78947
  10.30799
   9.65936
   9.07301
   8.53531
   7.95468
   7.33349
   6.71877
   6.13433
   5.58200
   5.07821
   4.63899
   4.24766
   3.88818
   3.55965
   3.26342
   2.99666
   2.74674
   2.50795
   2.27725
   2.05885
   1.84506
   1.64039
   1.44359
   1.24648
   1.05710
   0.86852
   0.68568
   0.50979
   0.33397
   0.16742
   0.00164
  -0.15604
  -0.30033
  -0.44315
  -0.58034
  -0.70752
  -0.83066
  -0.95110
  -1.06251
  -1.16551
  -1.27144
  -1.36681
  -1.45857
  -1.54539
  -1.63132
  -1.70911
  -1.78777
  -1.85669
  -1.92355
  -1.99500
  -2.05648
  -2.10792
  -2.15774
  -2.21036
  -2.25854
  -2.29922
  -2.33753
  -2.37255
  -2.40417
  -2.44002
  -2.47034
  -2.49854
  -2.52571
  -2.55091
  -2.56180
  -2.57720
  -2.59379
  -2.61177
  -2.62158
  -2.62810
  -2.63432
  -2.64363
  -2.65492
  -2.65979
  -2.65806
  -2.65577
  -2.64744
  -2.63737
  -2.63500
  -2.63162
  -2.62932
  -2.62748
  -2.61804
  -2.61587
  -2.60693
  -2.59736
  -2.58741
  -2.57438
  -2.56419
  -2.54960
  -2.52759
  -2.50820
  -2.49044
  -2.47441
  -2.46286
  -2.44513
  -2.42672
  -2.40785
  -2.38667
  -2.36627
  -2.34495
  -2.33038
  -2.30569
  -2.27943
  -2.25056
  -2.22584
  -2.19882
  -2.18002
  -2.15194
  -2.12712
  -2.10663
  -2.08455
  -2.06238
  -2.03513
  -2.01045
  -1.98323
  -1.95377
  -1.92708
  -1.90628
  -1.88492
  -1.85876
  -1.82794
  -1.80259
  -1.78035
  -1.75147
  -1.72835
  -1.70590
  -1.67563
  -1.65075
  -1.62421
  -1.60139
  -1.56779
  -1.53485
  -1.50063
  -1.47201
  -1.45360
  -1.43192
  -1.40807
  -1.38010
  -1.35672
  -1.33563
  -1.31774
  -1.29384
  -1.27344
  -1.25550
  -1.23810
  -1.20819
  -1.18372
  -1.15393
  -1.12460
  -1.09492
  -1.06418
  -1.03681
  -1.01516
  -0.98908
  -0.96683
  -0.94540
  -0.92698
  -0.90678
  -0.88373
  -0.85893
  -0.84189
  -0.81752
  -0.79667
  -0.77661
  -0.76019
  -0.74561
  -0.72681
  -0.70701
  -0.68483
  -0.66316
  -0.64536
  -0.62273
  -0.60507
  -0.58923
  -0.57580
  -0.56051
  -0.54810
  -0.53307
  -0.50988
  -0.48641
  -0.46144
  -0.44683
  -0.42687
  -0.40977
  -0.38649
  -0.36952
  -0.35866
  -0.34868
  -0.33633
  -0.32134
  -0.29926
  -0.28486
  -0.26991
  -0.25349
  -0.23643
  -0.21988
  -0.20564
  -0.19087
  -0.17332
  -0.15571
  -0.14746
  -0.13279
  -0.11572
  -0.10501
  -0.09181
  -0.08177
  -0.06728
  -0.05803
  -0.05007
  -0.03859
  -0.02950
  -0.02181
  -0.01040
   0.00319
   0.02375
   0.04001
   0.05132
   0.05275
   0.06389
   0.08087
   0.09504
   0.10965
   0.11943
   0.12769
   0.13546
   0.14754
   0.15712
   0.16920
   0.17476
   0.18267
   0.18929
   0.19438
   0.19645
   0.20664
   0.21459
   0.22358
   0.23276
   0.24101
   0.24275
   0.25253
   0.25977
   0.27042
   0.27654
   0.28739
   0.29479
   0.30339
   0.30684
   0.30852
   0.31904
   0.32550
   0.33352
   0.34167
   0.34241
   0.34729
   0.35743
   0.35691
   0.36636
   0.36861
   0.36899
   0.36660
   0.36504
   0.36780
   0.37388
   0.37863
   0.38503
   0.38939
   0.39322
   0.40024
   0.41188
   0.41721
   0.41732
   0.41934
   0.42130
   0.42886
   0.43460
   0.43932
   0.43852
   0.44212
   0.44196
   0.44308
   0.44871
   0.44748
   0.44861
   0.45198
   0.45242
   0.45496
   0.46373
   0.46892
   0.47280
   0.47764
   0.47608
   0.48516
   0.48687
   0.48395
   0.47921
   0.47873
   0.47957
   0.47966
   0.47857
   0.47348
   0.47382
   0.47645
   0.47435
   0.47438
   0.47611
   0.47738
   0.48168
   0.48852
   0.48946
   0.48753
   0.48013
   0.47660
   0.48105
   0.48287
   0.48423
   0.49009
   0.48832
   0.48142
   0.48369
   0.48854
   0.48575
   0.48330
   0.47627
   0.47461
   0.47690
   0.47378
   0.47683
   0.47881
   0.48493
   0.48482
   0.48565
   0.48626
   0.48440
   0.48531
   0.47935
   0.47030
   0.46475
   0.46410
   0.46776
   0.47432
   0.47440
   0.47422
   0.47250
   0.46868
   0.47011
   0.47182
   0.47416
   0.46717
   0.46695
   0.47170
   0.46692
   0.46716
   0.46520
   0.45929
   0.45579
   0.45245
   0.45393
   0.45925
   0.45376
   0.44856
   0.44882
   0.44610
   0.44527
   0.44756
   0.44841
   0.44583
   0.44311
   0.44364
   0.44403
   0.44287
   0.43371
   0.43199
   0.42244
   0.41484
   0.41209
   0.41536
   0.41619
   0.41709
   0.42210
   0.42341
   0.42033
   0.41163
   0.41213
   0.41146
   0.40919
   0.40845
   0.40944
   0.41017
   0.40760
   0.40766
   0.40513
   0.40034
   0.40524
   0.40461
   0.40597
   0.40339
   0.39485
   0.38689
   0.38699
   0.38828
   0.38843
   0.38373
   0.38192
   0.37616
   0.37018
   0.37058
   0.36067
   0.35714
   0.35810
   0.35788
   0.35054
   0.34625
   0.34367
   0.34339
   0.34954
   0.35186
   0.35143
   0.34726
   0.34879
   0.34776
   0.34562
   0.34038
   0.33594
   0.32375
   0.32118
   0.31380
   0.31152
   0.30368
   0.30047
   0.29813
   0.30493
   0.30020
   0.29525
   0.28990
   0.28749
   0.29329
   0.29095
   0.28953
   0.28575
   0.28339
   0.28104
   0.28418
   0.28416
   0.28268
   0.27921
   0.27910
   0.27455
   0.26814
   0.26750
   0.26630
   0.25958
   0.25286
   0.25170
   0.25037
   0.24940
   0.25362
   0.25322
   0.24701
   0.24635
   0.25303
   0.25752
   0.24497
   0.24253
   0.24002
   0.23771
   0.23708
   0.23781
   0.23364
   0.22646
   0.21706
   0.21482
   0.21568
   0.21762
   0.21533
   0.21136
   0.20755
   0.20366
   0.19907
   0.20013
   0.20810
   0.21016
   0.20408
   0.20309
   0.19803
   0.20004
   0.19474
   0.19464
   0.19414
   0.19548
   0.19460
   0.18929
   0.18715
   0.18831
   0.18269
   0.17825
   0.17863
   0.17730
   0.17752
   0.17436
   0.17150
   0.16873
   0.16227
   0.15923
   0.16046
   0.15266
   0.14853
   0.15612
   0.15661
   0.14904
   0.14229
   0.13619
   0.13511
   0.12983
   0.12474
   0.12185
   0.12109
   0.12277
   0.12028
   0.12167
   0.12207
   0.11855
   0.11345
   0.11264
   0.11251
   0.11311
   0.11553
   0.11818
   0.12034
   0.11907
   0.11799
   0.12029
   0.11731
   0.10977
   0.10025
   0.09814
   0.09936
   0.10553
   0.10617
   0.10333
   0.09733
   0.09837
   0.09872
   0.10378
   0.11124
   0.10655
   0.10010
   0.09355
   0.09577
   0.09468
   0.08503
   0.08085
   0.08142
   0.07887
   0.07456
   0.07605
   0.08852
   0.09010
   0.08735
   0.08614
   0.08416
   0.08093
   0.07972
   0.07376
   0.07486
   0.07352
   0.06988
   0.06964
   0.06871
   0.06446
   0.06292
   0.06408
   0.06816
   0.06989
   0.06652
   0.06476
   0.06401
   0.06277
   0.05748
   0.05317
   0.05046
   0.04444
   0.03595
   0.03293
   0.03151
   0.03845
   0.04235
   0.04809
   0.04985
   0.04741
   0.04569
   0.04401
   0.04438
   0.04957
   0.05058
   0.04247
   0.03755
   0.03774
   0.03420
   0.03264
   0.02664
   0.02326
   0.02161
   0.02349
   0.02551
   0.02323
   0.01589
   0.01497
   0.01528
   0.01678
   0.01741
   0.02622
   0.03176
   0.02572
   0.02233
   0.02180
   0.01910
   0.01274
   0.01287
   0.01417
   0.01307
   0.01768
   0.01856
   0.01711
   0.01279
   0.00667
   0.00755
   0.01202
   0.01163
   0.01354
   0.01217
   0.00692
   0.00135
   0.00353
   0.00644
   0.00603
   0.00730
   0.00866
   0.00384
  -0.00121
  -0.01190
  -0.01235
  -0.01381
  -0.00961
  -0.00840
  -0.00577
  -0.00694
  -0.00448
  -0.00273
  -0.00145
  -0.00082
   0.00094
  -0.00161
  -0.00435
  -0.01119
  -0.00862
  -0.00456
  -0.00583
  -0.01194
  -0.00734
  -0.01253
  -0.01671
  -0.01582
  -0.02082
  -0.02556
  -0.02354
  -0.02184
  -0.02182
  -0.02513
  -0.03144
  -0.03527
  -0.02674
  -0.02340
  -0.01912
  -0.02303
  -0.02745
  -0.02679
  -0.02240
  -0.01726
  -0.01761
  -0.02037
  -0.01700
  -0.01444
  -0.01736
  -0.02019
  -0.02224
  -0.02097
  -0.02378
  -0.02532
  -0.02628
  -0.02988
  -0.03380
  -0.03480
  -0.03481
  -0.03765
  -0.04328
  -0.03926
  -0.03467
  -0.02809
  -0.02639
  -0.03080
  -0.02667
  -0.02590
  -0.02767
  -0.02704
  -0.02276
  -0.02402
  -0.02433
  -0.02697
  -0.03714
  -0.04228
  -0.04101
  -0.04214
  -0.04184
  -0.04210
  -0.04102
  -0.04184
  -0.04421
  -0.04008
  -0.02965
  -0.02947
  -0.02732
  -0.02355
  -0.02784
  -0.02813
  -0.02803
  -0.02293
  -0.02065
  -0.02676
  -0.03288
  -0.03704
  -0.04534
  -0.05404
  -0.05175
  -0.05270
  -0.04801
  -0.05142
  -0.05525
  -0.04881
  -0.03987
  -0.04032
  -0.03908
  -0.04185
  -0.04141
  -0.04206
  -0.03910
  -0.04210
  -0.04701
  -0.04825
  -0.05145
  -0.05555
  -0.05142
  -0.04908
  -0.05088
  -0.06066
  -0.05990
  -0.05578
  -0.05274
  -0.04770
  -0.04588
  -0.04717
  -0.04176
  -0.04258
  -0.04253
  -0.04274
  -0.04789
  -0.05189
  -0.04946
  -0.04936
  -0.04450
  -0.04079
  -0.04089
  -0.03868
  -0.03812
  -0.04349
  -0.04864
  -0.04487
  -0.04366
  -0.04586
  -0.04799
  -0.05187
  -0.05452
  -0.05265
  -0.04684
  -0.05068
  -0.05718
  -0.05443
  -0.04801
  -0.04220
  -0.04596
  -0.04607
  -0.04696
  -0.04908
  -0.04896
  -0.05495
  -0.04919
  -0.04529
  -0.04754
  -0.04576
  -0.04259
  -0.04234
  -0.04044
  -0.03633
  -0.04306
  -0.05052
  -0.04959
  -0.05430
  -0.04996
  -0.05221
  -0.05850
  -0.06021
  -0.05919
  -0.05353
  -0.05392
  -0.05298
  -0.05036
  -0.04741
  -0.04829
  -0.03922
  -0.03323
  -0.03030
  -0.02891
  -0.03061
  -0.03251
  -0.03296
  -0.03730
  -0.04096
  -0.03731
  -0.04022
  -0.04183
  -0.03839
  -0.03820
  -0.04193
  -0.03934
  -0.04255
  -0.04778
  -0.05093
  -0.04896
  -0.04491
  -0.04284
  -0.04375
  -0.04156
  -0.03976
  -0.03401
  -0.02954
  -0.02786
  -0.02829
  -0.02672
  -0.02666
  -0.03238
  -0.03800
  -0.03797
  -0.03171
  -0.02672
  -0.02938
  -0.03229
  -0.03846
  -0.04615
  -0.05028
  -0.04955
  -0.04711
  -0.04484
  -0.04840
  -0.04929
  -0.04315
  -0.03895
  -0.03716
  -0.03534
  -0.03969
  -0.04044
  -0.04353
  -0.04135
  -0.04354
  -0.03888
  -0.03416
  -0.03515
  -0.03605
  -0.04094
  -0.04432
  -0.04306
  -0.03845
  -0.03414
  -0.03626
  -0.03414
  -0.02815
  -0.02189
  -0.02195
  -0.01914
  -0.01482
  -0.01430
  -0.00872
  -0.00472
  -0.00864
  -0.01407
  -0.00753
  -0.00444
  -0.00470
  -0.00732
  -0.00291
   0.00164
  -0.00084
  -0.00049
   0.00314
   0.00171
   0.00604
   0.00430
  -0.00285
  -0.00154
  -0.00240
  -0.00208
   0.00368
   0.00582
   0.00044
   0.00401
   0.00300
   0.00181
  -0.00274
  -0.00235
   0.00046
   0.00206
   0.00436
   0.00460
   0.00544
   0.00544
   0.00544
   0.00544
   0.00544
   0.00544
   0.00544
   0.00544
   0.00544
   0.00544
   0.00544
   0.00544
   0.00544
   0.00544
   0.00544
   0.00544
   0.00544
   0.00544
   0.00544
   0.00544
   0.00544
   0.00544
   0.00544
   0.00544
   0.00544
   0.00544
   0.00544
   0.00544
   0.00544
   0.00544
   0.00544
   0.00544
   0.00544
   0.00544
   0.00544
   0.00544
   0.00544
   0.00544
   0.00544
   0.00544
   0.00544
   0.00544
   0.00544
   0.00544
   0.00544
   0.00544
   0.00544
   0.00544
   0.00544
   0.00544
   0.00544
   0.00544
   0.00544
   0.00544
   0.00544
   0.00544
   0.00544
   0.00544
   0.00544
   0.00544
   0.00544
   0.00544
   0.00544
   0.00544
   0.00544
   0.00544
   0.00544
   0.00544
   0.00544
   0.00544
   0.00544
   0.00544
   0.00544
   0.00544
   0.00544
   0.00544
   0.00544
   0.00544
   0.00544
   0.00544
   0.00544
   0.00544
   0.00544
   0.00544
   0.00544
   0.00544
   0.00544
   0.00544
   0.00544
   0.00544
   0.00544
   0.00544
