   0.08262
   0.10896
   0.09940
   0.14825
   0.25330
   0.47623
   0.89949
   1.62403
   2.74521
   4.29267
   6.14947
   8.04506
   9.77772
  11.26529
  12.69788
  13.42734
  12.92908
  11.89646
  11.16992
  10.55171
   9.88916
   9.15002
   8.45836
   7.83726
   7.24855
   6.68329
   6.17243
   5.72728
   5.31591
   4.89985
   4.48276
   4.10640
   3.77221
   3.43773
   3.09117
   2.76415
   2.46016
   2.15702
   1.84776
   1.55230
   1.28107
   1.02791
   0.78049
   0.53607
   0.30757
   0.10006
  -0.10123
  -0.30241
  -0.49570
  -0.67593
  -0.84558
  -1.01211
  -1.17089
  -1.31098
  -1.44296
  -1.57363
  -1.70137
  -1.81757
  -1.92877
  -2.03946
  -2.15421
  -2.26421
  -2.35929
  -2.43525
  -2.50571
  -2.57354
  -2.63655
  -2.69721
  -2.76379
  -2.83469
  -2.89789
  -2.94399
  -2.97850
  -3.01993
  -3.07054
  -3.11375
  -3.14553
  -3.17287
  -3.20391
  -3.23159
  -3.24880
  -3.25789
  -3.26357
  -3.27168
  -3.28174
  -3.28873
  -3.29689
  -3.30406
  -3.30331
  -3.29311
  -3.28382
  -3.27969
  -3.27703
  -3.27730
  -3.27409
  -3.26390
  -3.25557
  -3.24464
  -3.22425
  -3.20236
  -3.18237
  -3.16903
  -3.15142
  -3.12147
  -3.09414
  -3.08092
  -3.06726
  -3.04087
  -3.01617
  -2.99502
  -2.96944
  -2.94380
  -2.92012
  -2.89361
  -2.86535
  -2.83301
  -2.79899
  -2.77396
  -2.74987
  -2.71992
  -2.68890
  -2.65779
  -2.62301
  -2.58943
  -2.55482
  -2.52412
  -2.49659
  -2.46031
  -2.42587
  -2.39770
  -2.36705
  -2.33374
  -2.30165
  -2.26459
  -2.23073
  -2.20449
  -2.17378
  -2.13191
  -2.09898
  -2.07108
  -2.03438
  -1.99750
  -1.97006
  -1.94322
  -1.91737
  -1.89214
  -1.86433
  -1.82388
  -1.77884
  -1.74218
  -1.71091
  -1.67913
  -1.65224
  -1.62147
  -1.58551
  -1.55614
  -1.53199
  -1.50526
  -1.46974
  -1.43933
  -1.42099
  -1.40410
  -1.37808
  -1.34437
  -1.30559
  -1.27589
  -1.25167
  -1.22604
  -1.19782
  -1.16716
  -1.13689
  -1.11222
  -1.09195
  -1.07249
  -1.04725
  -1.01866
  -0.99343
  -0.96958
  -0.94361
  -0.91352
  -0.88191
  -0.85429
  -0.83174
  -0.81145
  -0.79110
  -0.76679
  -0.73767
  -0.70773
  -0.68281
  -0.66431
  -0.64378
  -0.62192
  -0.60351
  -0.58647
  -0.56585
  -0.53796
  -0.51436
  -0.50217
  -0.48964
  -0.46593
  -0.43871
  -0.41730
  -0.40289
  -0.38610
  -0.36335
  -0.34341
  -0.32712
  -0.31184
  -0.29648
  -0.27897
  -0.25946
  -0.24770
  -0.23440
  -0.21583
  -0.19768
  -0.18441
  -0.16529
  -0.13788
  -0.11111
  -0.09120
  -0.07012
  -0.04671
  -0.03458
  -0.03531
  -0.03290
  -0.02365
  -0.01745
  -0.00842
   0.00218
   0.01806
   0.03737
   0.05924
   0.07786
   0.09491
   0.10971
   0.12061
   0.12740
   0.13688
   0.14447
   0.15418
   0.17595
   0.19250
   0.19681
   0.20839
   0.22081
   0.22376
   0.22988
   0.24035
   0.24833
   0.26320
   0.28184
   0.29428
   0.30139
   0.31246
   0.32376
   0.32730
   0.33134
   0.33868
   0.34770
   0.36100
   0.37398
   0.37530
   0.37480
   0.37930
   0.39003
   0.39965
   0.40602
   0.41334
   0.41612
   0.41466
   0.42152
   0.43713
   0.44777
   0.45799
   0.46493
   0.46847
   0.47061
   0.47379
   0.47789
   0.48496
   0.48734
   0.48475
   0.48747
   0.49808
   0.50719
   0.50818
   0.51154
   0.51811
   0.52237
   0.51993
   0.52030
   0.52950
   0.54066
   0.54216
   0.54340
   0.55291
   0.56044
   0.56140
   0.56132
   0.55950
   0.56017
   0.56835
   0.57360
   0.57075
   0.57270
   0.57975
   0.58159
   0.57434
   0.56189
   0.55161
   0.55669
   0.56755
   0.57848
   0.58818
   0.59081
   0.58448
   0.58351
   0.58674
   0.58431
   0.58510
   0.59106
   0.59158
   0.58611
   0.58520
   0.58934
   0.59299
   0.58898
   0.59399
   0.59704
   0.59302
   0.59126
   0.59484
   0.59475
   0.59584
   0.59344
   0.58562
   0.57955
   0.58573
   0.59324
   0.59282
   0.59339
   0.59795
   0.60101
   0.59939
   0.59361
   0.59195
   0.59495
   0.59383
   0.58776
   0.58346
   0.58629
   0.59115
   0.58674
   0.57911
   0.57429
   0.57648
   0.58013
   0.57340
   0.56348
   0.56015
   0.55884
   0.56220
   0.56133
   0.55686
   0.55698
   0.55636
   0.55544
   0.55358
   0.55307
   0.55779
   0.56253
   0.56507
   0.56765
   0.56707
   0.56338
   0.55329
   0.54661
   0.54934
   0.55417
   0.54577
   0.52738
   0.51696
   0.51806
   0.52530
   0.52738
   0.52309
   0.52351
   0.52876
   0.52724
   0.52193
   0.52275
   0.53061
   0.53187
   0.52797
   0.52463
   0.51801
   0.51304
   0.50791
   0.49990
   0.49628
   0.50020
   0.50441
   0.49800
   0.48945
   0.49004
   0.49901
   0.50539
   0.50363
   0.49406
   0.48460
   0.47442
   0.46742
   0.46428
   0.46628
   0.46526
   0.46093
   0.45755
   0.45733
   0.45651
   0.45670
   0.45473
   0.45220
   0.44653
   0.44096
   0.43855
   0.43768
   0.43164
   0.42807
   0.42963
   0.43439
   0.43183
   0.42657
   0.43001
   0.43282
   0.42222
   0.41319
   0.41656
   0.42026
   0.41457
   0.40606
   0.40164
   0.39744
   0.39539
   0.39882
   0.39636
   0.39573
   0.39786
   0.39303
   0.38368
   0.37640
   0.37222
   0.37377
   0.37425
   0.36869
   0.36536
   0.36659
   0.36934
   0.36415
   0.35589
   0.35072
   0.34815
   0.34813
   0.34901
   0.34755
   0.34180
   0.33867
   0.33919
   0.33678
   0.32850
   0.32629
   0.32698
   0.32435
   0.31461
   0.31201
   0.31816
   0.32341
   0.32833
   0.33599
   0.33726
   0.32926
   0.32092
   0.31599
   0.31167
   0.30320
   0.29400
   0.28634
   0.28095
   0.27458
   0.27067
   0.27431
   0.28065
   0.28417
   0.28444
   0.28416
   0.28156
   0.27735
   0.27035
   0.26509
   0.26887
   0.27268
   0.26645
   0.25506
   0.24762
   0.24786
   0.25238
   0.25317
   0.25559
   0.26093
   0.26324
   0.25692
   0.24623
   0.23932
   0.23689
   0.23311
   0.23002
   0.22168
   0.21021
   0.20085
   0.19677
   0.20070
   0.20818
   0.20802
   0.20585
   0.21255
   0.22156
   0.21612
   0.20689
   0.20735
   0.20448
   0.19879
   0.20432
   0.20544
   0.19393
   0.18128
   0.17560
   0.17362
   0.17420
   0.17493
   0.17657
   0.17481
   0.17158
   0.17013
   0.16742
   0.16173
   0.15909
   0.16075
   0.16426
   0.16934
   0.17261
   0.17063
   0.16330
   0.15597
   0.15081
   0.14556
   0.14035
   0.13557
   0.13203
   0.12936
   0.12787
   0.12728
   0.12783
   0.13163
   0.13578
   0.13680
   0.13442
   0.13211
   0.13021
   0.12994
   0.12644
   0.12700
   0.12955
   0.12773
   0.12404
   0.12242
   0.11675
   0.10649
   0.10243
   0.10645
   0.11182
   0.11639
   0.11571
   0.10856
   0.10612
   0.11548
   0.12201
   0.11391
   0.10001
   0.09365
   0.08747
   0.08429
   0.08494
   0.09396
   0.10438
   0.10918
   0.10715
   0.10466
   0.10159
   0.09821
   0.09221
   0.08668
   0.08512
   0.08733
   0.08809
   0.08115
   0.07844
   0.07748
   0.07626
   0.07913
   0.08149
   0.07652
   0.07449
   0.07303
   0.07174
   0.06801
   0.06598
   0.06695
   0.07227
   0.07416
   0.06673
   0.06018
   0.06515
   0.06634
   0.06415
   0.06731
   0.07232
   0.07156
   0.06748
   0.06343
   0.06156
   0.05453
   0.04818
   0.04806
   0.05101
   0.04750
   0.04062
   0.03922
   0.04410
   0.04829
   0.05125
   0.05174
   0.04644
   0.04140
   0.04016
   0.03734
   0.03965
   0.04863
   0.04941
   0.04123
   0.03875
   0.03792
   0.03195
   0.02447
   0.02001
   0.01676
   0.01191
   0.00872
   0.01237
   0.01990
   0.02526
   0.02662
   0.02777
   0.02624
   0.02358
   0.01989
   0.01757
   0.01902
   0.02002
   0.01548
   0.01720
   0.02686
   0.03278
   0.02734
   0.01846
   0.01505
   0.01093
   0.00832
   0.00749
   0.00810
   0.01050
   0.01510
   0.01787
   0.01872
   0.01659
   0.00934
  -0.00431
  -0.01247
  -0.00900
  -0.00414
  -0.00343
  -0.00340
  -0.00078
   0.00369
   0.00781
   0.01082
   0.00730
   0.00342
   0.00455
   0.00637
   0.00393
   0.00036
  -0.00184
   0.00036
   0.00189
   0.00392
   0.00992
   0.01860
   0.01679
   0.00354
  -0.00339
   0.00113
   0.01211
   0.01644
   0.00584
  -0.00292
   0.00048
  -0.00192
  -0.00968
  -0.01168
  -0.00742
  -0.00350
  -0.00462
  -0.00608
  -0.00137
   0.00378
  -0.00058
  -0.00961
  -0.01487
  -0.01388
  -0.01018
  -0.00686
  -0.00747
  -0.01216
  -0.01341
  -0.01283
  -0.01433
  -0.01610
  -0.01637
  -0.01297
  -0.00601
  -0.00465
  -0.00893
  -0.01307
  -0.01498
  -0.01654
  -0.01589
  -0.01238
  -0.00827
  -0.00808
  -0.01610
  -0.02751
  -0.02967
  -0.02179
  -0.01160
  -0.00437
  -0.00388
  -0.00654
  -0.00611
  -0.01051
  -0.01940
  -0.02437
  -0.02796
  -0.03218
  -0.02906
  -0.02271
  -0.01246
  -0.00925
  -0.01207
  -0.01353
  -0.01047
  -0.00905
  -0.00349
  -0.00143
  -0.00857
  -0.01977
  -0.02193
  -0.02409
  -0.03005
  -0.02773
  -0.01276
  -0.00653
  -0.01865
  -0.02797
  -0.02654
  -0.02423
  -0.02169
  -0.02388
  -0.03061
  -0.03324
  -0.03007
  -0.02903
  -0.03044
  -0.02864
  -0.02430
  -0.02233
  -0.02316
  -0.02549
  -0.02527
  -0.01960
  -0.01296
  -0.01130
  -0.02037
  -0.02629
  -0.02727
  -0.03037
  -0.03322
  -0.02741
  -0.01785
  -0.01408
  -0.01494
  -0.01744
  -0.01973
  -0.01546
  -0.01403
  -0.01696
  -0.01638
  -0.01581
  -0.01779
  -0.01808
  -0.01777
  -0.01686
  -0.01984
  -0.01662
  -0.01429
  -0.02092
  -0.02656
  -0.02345
  -0.01652
  -0.01062
  -0.01138
  -0.01163
  -0.01106
  -0.01515
  -0.02028
  -0.02081
  -0.02239
  -0.03191
  -0.03853
  -0.03911
  -0.03581
  -0.02766
  -0.02161
  -0.02341
  -0.02625
  -0.02507
  -0.01878
  -0.01473
  -0.01449
  -0.01112
  -0.00260
  -0.00373
  -0.01427
  -0.02341
  -0.02810
  -0.03077
  -0.02383
  -0.02048
  -0.01884
  -0.01421
  -0.01038
  -0.01606
  -0.01991
  -0.01475
  -0.01184
  -0.02549
  -0.03586
  -0.03448
  -0.03232
  -0.03180
  -0.03147
  -0.03272
  -0.02612
  -0.01668
  -0.01238
  -0.00987
  -0.00430
  -0.00534
  -0.01378
  -0.02432
  -0.02991
  -0.03675
  -0.03954
  -0.03453
  -0.02508
  -0.02109
  -0.01547
  -0.01171
  -0.01446
  -0.02224
  -0.02800
  -0.02319
  -0.01423
  -0.01813
  -0.03061
  -0.03875
  -0.03973
  -0.03115
  -0.02038
  -0.02108
  -0.03261
  -0.04124
  -0.03211
  -0.01941
  -0.01662
  -0.00977
   0.00343
   0.00346
  -0.01048
  -0.02247
  -0.02737
  -0.02473
  -0.01664
  -0.00475
   0.00008
  -0.00168
  -0.00330
  -0.00089
   0.00376
   0.00352
  -0.00051
   0.00052
   0.00580
   0.00648
  -0.00194
  -0.01098
  -0.01397
  -0.01270
  -0.00701
   0.00108
   0.00452
   0.00249
  -0.00148
  -0.00269
  -0.00298
  -0.00837
  -0.01290
  -0.00646
   0.00443
   0.01096
   0.01399
   0.01049
   0.00348
   0.01076
   0.02112
   0.01840
   0.01165
   0.01529
   0.02016
   0.02024
   0.01806
   0.01778
   0.01970
   0.01944
   0.01372
   0.00766
   0.00244
   0.00295
   0.01415
   0.02249
   0.01641
   0.00825
   0.01146
   0.01797
   0.01687
   0.01871
   0.02564
   0.02825
   0.03077
   0.03884
   0.04946
   0.05263
   0.04646
   0.03968
   0.03352
   0.02765
   0.02796
   0.02780
   0.02845
   0.03314
   0.03392
   0.03111
   0.03159
   0.03961
   0.04426
   0.03968
   0.03849
   0.04470
   0.04535
   0.04046
   0.03302
   0.03024
   0.03271
   0.03605
   0.03418
   0.03309
   0.03926
   0.04796
   0.04921
   0.04894
   0.05320
   0.05546
   0.05441
   0.05519
   0.05440
   0.04885
   0.04587
   0.04473
   0.04537
   0.04226
   0.03852
   0.04667
   0.06184
   0.06964
   0.06919
   0.06507
   0.05996
   0.06090
   0.06767
   0.06913
   0.06124
   0.06298
   0.07611
   0.06819
   0.08062
   0.06708
