   0.04930
   0.02160
   0.01071
   0.07014
   0.24533
   0.61671
   1.27979
   2.30897
   3.68797
   5.31628
   7.06618
   8.75199
  10.28467
  11.54760
  12.97138
  13.78441
  13.24741
  12.13166
  11.37375
  10.61642
   9.86212
   9.04042
   8.20616
   7.39050
   6.62716
   5.94028
   5.33666
   4.80444
   4.32910
   3.90814
   3.52522
   3.18461
   2.88870
   2.61241
   2.34414
   2.08278
   1.82713
   1.59059
   1.36719
   1.13137
   0.89972
   0.69327
   0.48986
   0.27206
   0.06581
  -0.13068
  -0.31922
  -0.49780
  -0.67161
  -0.84056
  -0.99894
  -1.16468
  -1.31935
  -1.46091
  -1.58826
  -1.70313
  -1.81766
  -1.93608
  -2.04320
  -2.13549
  -2.21374
  -2.29708
  -2.38849
  -2.46909
  -2.53102
  -2.58924
  -2.65095
  -2.71858
  -2.78020
  -2.83165
  -2.87186
  -2.91096
  -2.94574
  -2.98070
  -3.01723
  -3.05427
  -3.09137
  -3.11750
  -3.13598
  -3.15920
  -3.18421
  -3.19847
  -3.20657
  -3.20925
  -3.21153
  -3.21064
  -3.21327
  -3.21510
  -3.20784
  -3.19223
  -3.18265
  -3.17169
  -3.16103
  -3.14759
  -3.13522
  -3.12848
  -3.13165
  -3.12987
  -3.12220
  -3.10803
  -3.08493
  -3.06120
  -3.04713
  -3.03121
  -3.00950
  -2.98600
  -2.96365
  -2.94545
  -2.92951
  -2.91038
  -2.87882
  -2.84296
  -2.81114
  -2.77637
  -2.73489
  -2.70103
  -2.67615
  -2.66285
  -2.64399
  -2.61613
  -2.59141
  -2.57415
  -2.55203
  -2.51948
  -2.48248
  -2.44698
  -2.40284
  -2.35623
  -2.33151
  -2.31989
  -2.29809
  -2.26019
  -2.22008
  -2.18063
  -2.14260
  -2.10492
  -2.07408
  -2.05086
  -2.03586
  -2.01519
  -1.97682
  -1.93393
  -1.89877
  -1.85979
  -1.82549
  -1.79638
  -1.76502
  -1.73640
  -1.70841
  -1.67731
  -1.65290
  -1.62701
  -1.59962
  -1.56892
  -1.53887
  -1.51183
  -1.48417
  -1.45102
  -1.41518
  -1.37998
  -1.34790
  -1.32021
  -1.29255
  -1.26890
  -1.25244
  -1.23092
  -1.20324
  -1.18475
  -1.17349
  -1.15086
  -1.12447
  -1.10136
  -1.08091
  -1.05184
  -1.02506
  -0.99621
  -0.95839
  -0.92285
  -0.89838
  -0.87259
  -0.85189
  -0.83844
  -0.81259
  -0.77421
  -0.75284
  -0.74243
  -0.72253
  -0.69772
  -0.68595
  -0.66298
  -0.63256
  -0.61130
  -0.60056
  -0.58417
  -0.56740
  -0.55279
  -0.53187
  -0.49992
  -0.47126
  -0.45923
  -0.44469
  -0.42449
  -0.40701
  -0.38862
  -0.36096
  -0.33784
  -0.32527
  -0.31385
  -0.29569
  -0.27496
  -0.25795
  -0.24204
  -0.22285
  -0.20344
  -0.18388
  -0.16296
  -0.14463
  -0.13510
  -0.13281
  -0.12786
  -0.11778
  -0.10938
  -0.09071
  -0.05891
  -0.03725
  -0.03069
  -0.02528
  -0.01307
   0.00346
   0.02204
   0.03664
   0.05723
   0.07812
   0.09217
   0.10092
   0.11317
   0.12070
   0.13270
   0.14068
   0.14793
   0.15797
   0.16979
   0.18181
   0.19046
   0.18900
   0.19193
   0.20695
   0.22449
   0.23294
   0.23222
   0.24024
   0.25428
   0.26955
   0.28168
   0.28590
   0.29039
   0.30767
   0.32546
   0.33223
   0.33127
   0.33256
   0.34128
   0.34963
   0.35913
   0.36452
   0.37286
   0.38320
   0.39280
   0.39725
   0.40912
   0.42238
   0.42412
   0.41692
   0.42202
   0.43025
   0.43676
   0.44703
   0.45207
   0.45080
   0.45321
   0.45876
   0.46173
   0.46365
   0.46860
   0.47581
   0.48591
   0.49990
   0.50314
   0.49717
   0.50253
   0.51489
   0.51530
   0.50662
   0.50722
   0.51366
   0.51055
   0.50312
   0.50309
   0.50659
   0.51765
   0.52887
   0.52706
   0.52608
   0.53156
   0.53236
   0.52949
   0.52882
   0.52845
   0.53231
   0.54286
   0.55229
   0.55399
   0.55918
   0.57038
   0.57802
   0.57487
   0.56783
   0.56245
   0.55635
   0.55324
   0.55368
   0.55476
   0.56267
   0.56327
   0.55256
   0.54684
   0.55049
   0.54834
   0.54383
   0.54279
   0.54728
   0.55088
   0.55427
   0.55247
   0.55322
   0.55613
   0.56333
   0.56403
   0.55755
   0.55521
   0.56304
   0.56535
   0.55807
   0.55325
   0.55223
   0.54994
   0.55371
   0.55629
   0.54608
   0.54079
   0.54203
   0.53717
   0.54232
   0.55502
   0.55623
   0.54742
   0.54884
   0.55169
   0.54482
   0.53736
   0.53903
   0.54497
   0.55166
   0.55157
   0.54434
   0.54290
   0.54271
   0.53711
   0.53531
   0.53482
   0.53655
   0.53322
   0.53114
   0.52534
   0.52065
   0.51915
   0.52254
   0.51763
   0.50964
   0.51160
   0.51823
   0.51691
   0.50488
   0.49672
   0.50180
   0.51428
   0.51231
   0.50221
   0.49429
   0.48845
   0.48432
   0.47246
   0.46471
   0.46323
   0.46545
   0.46463
   0.45809
   0.45087
   0.45255
   0.45756
   0.46390
   0.46760
   0.46589
   0.45787
   0.45143
   0.45612
   0.46260
   0.46043
   0.45685
   0.45405
   0.45260
   0.44717
   0.44258
   0.44812
   0.45408
   0.44892
   0.44211
   0.43193
   0.41616
   0.40694
   0.40204
   0.39503
   0.38776
   0.38621
   0.38876
   0.39150
   0.39073
   0.39785
   0.41028
   0.41536
   0.40964
   0.39650
   0.38366
   0.38155
   0.38555
   0.38163
   0.36728
   0.36343
   0.36939
   0.37043
   0.36913
   0.37250
   0.37159
   0.36767
   0.36893
   0.37696
   0.37663
   0.36134
   0.34528
   0.33342
   0.31892
   0.31231
   0.32209
   0.33456
   0.33469
   0.32239
   0.30761
   0.30539
   0.30866
   0.30773
   0.30816
   0.31106
   0.31929
   0.32690
   0.33429
   0.34055
   0.33752
   0.32175
   0.31099
   0.31187
   0.31084
   0.30453
   0.28921
   0.28074
   0.28312
   0.28277
   0.26649
   0.26318
   0.27092
   0.26754
   0.26112
   0.27113
   0.28130
   0.27209
   0.25994
   0.25748
   0.25894
   0.25905
   0.26361
   0.26429
   0.26448
   0.26277
   0.25720
   0.25004
   0.24333
   0.23170
   0.23015
   0.22922
   0.22490
   0.22124
   0.22129
   0.21338
   0.20448
   0.19539
   0.19063
   0.19121
   0.20188
   0.21362
   0.22190
   0.22525
   0.22176
   0.20824
   0.20926
   0.22195
   0.22586
   0.22409
   0.22313
   0.21383
   0.20030
   0.18798
   0.18610
   0.18777
   0.18344
   0.18057
   0.18172
   0.18064
   0.18265
   0.18377
   0.19187
   0.19834
   0.20318
   0.20137
   0.18817
   0.16065
   0.14377
   0.14381
   0.14651
   0.13851
   0.13673
   0.14013
   0.13784
   0.13997
   0.14893
   0.15539
   0.15626
   0.14807
   0.13989
   0.13373
   0.13660
   0.14882
   0.14519
   0.13325
   0.12930
   0.12121
   0.12498
   0.14025
   0.13103
   0.11459
   0.11339
   0.11510
   0.11847
   0.12000
   0.11150
   0.10750
   0.10898
   0.10451
   0.09875
   0.09115
   0.08653
   0.09182
   0.10030
   0.10108
   0.09172
   0.08346
   0.08868
   0.09603
   0.09866
   0.09343
   0.08653
   0.08416
   0.08504
   0.07938
   0.07709
   0.07896
   0.08442
   0.08800
   0.08534
   0.08251
   0.08849
   0.09066
   0.09062
   0.09524
   0.09168
   0.07564
   0.05798
   0.05046
   0.05863
   0.05798
   0.04554
   0.04592
   0.05688
   0.05503
   0.05574
   0.06098
   0.06361
   0.06127
   0.05994
   0.06215
   0.06960
   0.06995
   0.05981
   0.05374
   0.05654
   0.05292
   0.04452
   0.04696
   0.04745
   0.04027
   0.04170
   0.03975
   0.03246
   0.02984
   0.02906
   0.02970
   0.03490
   0.03296
   0.03485
   0.03904
   0.03538
   0.02734
   0.02036
   0.02329
   0.03587
   0.04383
   0.04480
   0.04499
   0.03990
   0.03507
   0.03403
   0.02892
   0.02651
   0.02186
   0.01128
   0.00793
   0.00896
   0.01141
   0.01342
   0.01476
   0.01565
   0.01850
   0.01625
   0.00564
  -0.01281
  -0.01414
  -0.00575
  -0.00421
  -0.00612
   0.00046
   0.00281
  -0.00765
  -0.00555
   0.01110
   0.01621
   0.01437
   0.01753
   0.02632
   0.03552
   0.03689
   0.03245
   0.03414
   0.02347
  -0.00039
  -0.01569
  -0.01756
  -0.02265
  -0.02954
  -0.03192
  -0.02783
  -0.02150
  -0.01593
  -0.01226
  -0.01581
  -0.01970
  -0.01804
  -0.01213
  -0.00734
  -0.00736
  -0.00809
  -0.00772
  -0.00718
   0.00222
   0.00609
  -0.00927
  -0.01885
  -0.01807
  -0.02311
  -0.02388
  -0.01629
  -0.00343
   0.00341
  -0.00489
  -0.01415
  -0.01219
  -0.00953
  -0.01415
  -0.02384
  -0.02978
  -0.02741
  -0.01591
  -0.00277
   0.00038
  -0.00889
  -0.01172
  -0.00989
  -0.01383
  -0.02525
  -0.03289
  -0.03574
  -0.03413
  -0.02911
  -0.02398
  -0.02795
  -0.03762
  -0.03259
  -0.02300
  -0.02571
  -0.02533
  -0.01468
  -0.01742
  -0.02546
  -0.03577
  -0.04702
  -0.04940
  -0.04747
  -0.05457
  -0.05666
  -0.05596
  -0.05411
  -0.04168
  -0.02889
  -0.02940
  -0.02493
  -0.01637
  -0.02272
  -0.03516
  -0.04071
  -0.03816
  -0.02824
  -0.02684
  -0.03871
  -0.05088
  -0.05723
  -0.06104
  -0.06117
  -0.06403
  -0.06368
  -0.05913
  -0.05342
  -0.05394
  -0.05010
  -0.04794
  -0.05010
  -0.05885
  -0.06253
  -0.05385
  -0.03914
  -0.03741
  -0.04008
  -0.04632
  -0.04583
  -0.04187
  -0.04116
  -0.03955
  -0.03267
  -0.03921
  -0.05252
  -0.05575
  -0.04663
  -0.03712
  -0.02953
  -0.02965
  -0.03903
  -0.03885
  -0.02915
  -0.01971
  -0.01277
  -0.01185
  -0.01560
  -0.01835
  -0.02473
  -0.03100
  -0.03383
  -0.04514
  -0.05551
  -0.04945
  -0.03625
  -0.03602
  -0.04173
  -0.04188
  -0.03969
  -0.04089
  -0.03720
  -0.02774
  -0.02371
  -0.02348
  -0.02476
  -0.03260
  -0.04486
  -0.04786
  -0.03974
  -0.03153
  -0.04055
  -0.04271
  -0.03429
  -0.02726
  -0.02765
  -0.03465
  -0.04817
  -0.05258
  -0.05529
  -0.05306
  -0.04152
  -0.02915
  -0.03302
  -0.03772
  -0.03422
  -0.02640
  -0.02574
  -0.02531
  -0.03068
  -0.03731
  -0.04341
  -0.04745
  -0.05890
  -0.06038
  -0.05166
  -0.05157
  -0.05771
  -0.05014
  -0.03854
  -0.04280
  -0.05146
  -0.05279
  -0.05109
  -0.05108
  -0.04994
  -0.04868
  -0.04698
  -0.04096
  -0.03684
  -0.03909
  -0.04221
  -0.04386
  -0.04496
  -0.04646
  -0.04987
  -0.04812
  -0.03843
  -0.03643
  -0.03297
  -0.02453
  -0.02124
  -0.03085
  -0.04211
  -0.04175
  -0.03304
  -0.02843
  -0.02871
  -0.02814
  -0.03128
  -0.03708
  -0.04460
  -0.04332
  -0.04040
  -0.03791
  -0.03711
  -0.03869
  -0.04732
  -0.05586
  -0.05980
  -0.05171
  -0.04086
  -0.03075
  -0.02708
  -0.03004
  -0.03411
  -0.03608
  -0.03280
  -0.02165
  -0.01324
  -0.01577
  -0.02566
  -0.02378
  -0.01220
  -0.01491
  -0.02622
  -0.03712
  -0.04874
  -0.04579
  -0.02863
  -0.02450
  -0.02988
  -0.02555
  -0.01886
  -0.02128
  -0.01936
  -0.02334
  -0.02106
  -0.00506
  -0.00024
  -0.01382
  -0.02295
  -0.02691
  -0.02139
  -0.01535
  -0.01145
  -0.00895
  -0.00457
  -0.00772
  -0.01703
  -0.02203
  -0.01843
  -0.01322
  -0.01064
  -0.01708
  -0.03288
  -0.04465
  -0.03901
  -0.02072
  -0.00882
  -0.01207
  -0.02107
  -0.01869
  -0.02067
  -0.02720
  -0.02128
  -0.01636
  -0.00985
   0.00246
  -0.00318
  -0.01535
  -0.01558
  -0.00642
  -0.00282
  -0.00681
  -0.00499
   0.00893
   0.01145
   0.01053
   0.01162
   0.01051
   0.00524
   0.01084
   0.01768
   0.01595
   0.00788
   0.00474
   0.00335
   0.00074
   0.00035
  -0.00130
  -0.00498
  -0.01229
  -0.01099
  -0.00652
  -0.00649
  -0.00423
   0.00510
   0.00560
   0.00572
   0.00568
   0.00243
   0.00194
   0.00089
   0.00086
   0.00847
   0.01661
   0.01724
   0.01601
   0.01851
   0.02073
   0.02068
   0.02193
   0.02602
   0.02621
   0.02536
   0.02911
   0.03997
   0.05531
   0.06261
   0.05905
   0.05388
   0.05263
   0.04774
   0.03128
   0.01734
   0.01957
   0.02317
   0.02000
   0.01864
   0.02725
   0.04557
   0.05599
   0.05754
   0.05809
   0.05782
   0.05727
   0.04892
   0.03449
   0.03298
   0.03998
   0.04192
   0.04943
   0.06564
   0.08710
   0.10157
   0.10101
   0.09352
   0.09529
   0.09696
   0.09240
   0.08025
   0.07155
   0.07010
