   0.11338
   0.09861
   0.13112
   0.27483
   0.57685
   1.14894
   2.07138
   3.32548
   4.83247
   6.49978
   8.15130
   9.64815
  10.90225
  12.20736
  13.13744
  12.95232
  12.02762
  11.24504
  10.55527
   9.83463
   9.07290
   8.30037
   7.52083
   6.75560
   6.05389
   5.42443
   4.85358
   4.35743
   3.93270
   3.52767
   3.15636
   2.84456
   2.57268
   2.30618
   2.05620
   1.82026
   1.58946
   1.35898
   1.13513
   0.91779
   0.69574
   0.47456
   0.27212
   0.07603
  -0.11618
  -0.28758
  -0.45035
  -0.61928
  -0.78393
  -0.94371
  -1.09242
  -1.23185
  -1.36827
  -1.49199
  -1.60514
  -1.71512
  -1.82207
  -1.93479
  -2.03539
  -2.11523
  -2.19788
  -2.28997
  -2.37429
  -2.44830
  -2.51421
  -2.57120
  -2.61796
  -2.66624
  -2.71592
  -2.75768
  -2.79859
  -2.84083
  -2.88346
  -2.92688
  -2.95965
  -2.98673
  -3.01454
  -3.03244
  -3.04106
  -3.04406
  -3.04302
  -3.04892
  -3.05979
  -3.06676
  -3.07360
  -3.08442
  -3.09732
  -3.09391
  -3.08024
  -3.07703
  -3.06548
  -3.05168
  -3.05235
  -3.04939
  -3.03781
  -3.02884
  -3.01863
  -3.01226
  -3.00308
  -2.98245
  -2.96449
  -2.94283
  -2.91633
  -2.88887
  -2.86812
  -2.84164
  -2.81524
  -2.78753
  -2.76743
  -2.74947
  -2.72304
  -2.70165
  -2.68723
  -2.66374
  -2.63008
  -2.59681
  -2.55534
  -2.52274
  -2.49563
  -2.45956
  -2.41682
  -2.39116
  -2.36105
  -2.31892
  -2.28470
  -2.26199
  -2.23413
  -2.20354
  -2.17880
  -2.15862
  -2.13556
  -2.10555
  -2.07126
  -2.04310
  -2.01763
  -1.98720
  -1.95129
  -1.91582
  -1.87551
  -1.83162
  -1.79161
  -1.75733
  -1.73309
  -1.71244
  -1.68914
  -1.65912
  -1.62699
  -1.60011
  -1.58370
  -1.55408
  -1.51866
  -1.48278
  -1.45645
  -1.43334
  -1.40862
  -1.37767
  -1.35047
  -1.32633
  -1.30261
  -1.27230
  -1.23749
  -1.20558
  -1.18068
  -1.14965
  -1.11421
  -1.09719
  -1.08679
  -1.06546
  -1.03332
  -0.99335
  -0.94885
  -0.92135
  -0.91025
  -0.89589
  -0.87246
  -0.84610
  -0.81597
  -0.78335
  -0.75980
  -0.75026
  -0.74513
  -0.73250
  -0.70846
  -0.67241
  -0.64020
  -0.61275
  -0.58184
  -0.56031
  -0.54572
  -0.52046
  -0.49567
  -0.48081
  -0.46066
  -0.43685
  -0.41794
  -0.40206
  -0.38328
  -0.36871
  -0.35906
  -0.34153
  -0.31326
  -0.28873
  -0.26675
  -0.24755
  -0.23238
  -0.21471
  -0.19431
  -0.18042
  -0.16151
  -0.14248
  -0.12607
  -0.11004
  -0.09298
  -0.07099
  -0.05491
  -0.05154
  -0.04609
  -0.03546
  -0.01963
  -0.00001
   0.02120
   0.03813
   0.04679
   0.05902
   0.07431
   0.08056
   0.09209
   0.11132
   0.12928
   0.14302
   0.15035
   0.15920
   0.17370
   0.18382
   0.18630
   0.19788
   0.21319
   0.22308
   0.23925
   0.25452
   0.26218
   0.27820
   0.29763
   0.30067
   0.29523
   0.30219
   0.31730
   0.33366
   0.34247
   0.34474
   0.33983
   0.34469
   0.35471
   0.36485
   0.37315
   0.38803
   0.39855
   0.40266
   0.39527
   0.38698
   0.39397
   0.40864
   0.42322
   0.44755
   0.46974
   0.47962
   0.48710
   0.49016
   0.48150
   0.47841
   0.48893
   0.50058
   0.50704
   0.50917
   0.51295
   0.51946
   0.52387
   0.52715
   0.53494
   0.52919
   0.51817
   0.52055
   0.53329
   0.53808
   0.53817
   0.53867
   0.54034
   0.54602
   0.55230
   0.55494
   0.55302
   0.55332
   0.55394
   0.55591
   0.56151
   0.56701
   0.56380
   0.56264
   0.57218
   0.57674
   0.57704
   0.57879
   0.58935
   0.59449
   0.59590
   0.59229
   0.59293
   0.59360
   0.59441
   0.58343
   0.57514
   0.57787
   0.58091
   0.58025
   0.58035
   0.58606
   0.58986
   0.58789
   0.58381
   0.58754
   0.58780
   0.59393
   0.60292
   0.59894
   0.59272
   0.59813
   0.59958
   0.59214
   0.59014
   0.60255
   0.61192
   0.60639
   0.59465
   0.58790
   0.58742
   0.58453
   0.57718
   0.57403
   0.56524
   0.55847
   0.56277
   0.57048
   0.57013
   0.55532
   0.54755
   0.56202
   0.56854
   0.57120
   0.58401
   0.59951
   0.60300
   0.60750
   0.61468
   0.61717
   0.60938
   0.59889
   0.58946
   0.58706
   0.59195
   0.59304
   0.58140
   0.56915
   0.56233
   0.55418
   0.55241
   0.55103
   0.54577
   0.54128
   0.54322
   0.55034
   0.55668
   0.56206
   0.57533
   0.57675
   0.56550
   0.55131
   0.54623
   0.55205
   0.55748
   0.55206
   0.54029
   0.53626
   0.53986
   0.54039
   0.53648
   0.53721
   0.52957
   0.51689
   0.50936
   0.51113
   0.51139
   0.51265
   0.51621
   0.51689
   0.51246
   0.50388
   0.49794
   0.49729
   0.49099
   0.48586
   0.48968
   0.49375
   0.49053
   0.47520
   0.46374
   0.46861
   0.48196
   0.48892
   0.48708
   0.48140
   0.48293
   0.48367
   0.47816
   0.46583
   0.45905
   0.45351
   0.45308
   0.45241
   0.45080
   0.45525
   0.45927
   0.45249
   0.44891
   0.45439
   0.46029
   0.46303
   0.45862
   0.44463
   0.42278
   0.40859
   0.40179
   0.39442
   0.38873
   0.39396
   0.40283
   0.40293
   0.39749
   0.38779
   0.38227
   0.38375
   0.38619
   0.38248
   0.38490
   0.39643
   0.40837
   0.41243
   0.40538
   0.39000
   0.38192
   0.38673
   0.39093
   0.38658
   0.37964
   0.37880
   0.38087
   0.37949
   0.36965
   0.34704
   0.33808
   0.34831
   0.35562
   0.34860
   0.33949
   0.34149
   0.34733
   0.33853
   0.32426
   0.31934
   0.31730
   0.32019
   0.33074
   0.33617
   0.32317
   0.30453
   0.30163
   0.30974
   0.31044
   0.30529
   0.30606
   0.30182
   0.29484
   0.29710
   0.30204
   0.30559
   0.31035
   0.30359
   0.29459
   0.29243
   0.29165
   0.29565
   0.30431
   0.29862
   0.28554
   0.28024
   0.28899
   0.29655
   0.29791
   0.29348
   0.28490
   0.27543
   0.26398
   0.25055
   0.24769
   0.24973
   0.24559
   0.24237
   0.24703
   0.25171
   0.24545
   0.23210
   0.22301
   0.22017
   0.22323
   0.21954
   0.21342
   0.21716
   0.21946
   0.21899
   0.21666
   0.20369
   0.20200
   0.21098
   0.20429
   0.19627
   0.20060
   0.20455
   0.21160
   0.21587
   0.20517
   0.19514
   0.19254
   0.19504
   0.19580
   0.18920
   0.18184
   0.18016
   0.17679
   0.17877
   0.17981
   0.17523
   0.17240
   0.17218
   0.17105
   0.17306
   0.17177
   0.16783
   0.17014
   0.18025
   0.18490
   0.18315
   0.17498
   0.16972
   0.16551
   0.16025
   0.16031
   0.16580
   0.16223
   0.14700
   0.13526
   0.12787
   0.12312
   0.12686
   0.13769
   0.14204
   0.14517
   0.14328
   0.13473
   0.12278
   0.12104
   0.12739
   0.12915
   0.12730
   0.13868
   0.14582
   0.14223
   0.14060
   0.14630
   0.15623
   0.16243
   0.15817
   0.14789
   0.13878
   0.13633
   0.14639
   0.14971
   0.13482
   0.12571
   0.11948
   0.10699
   0.11086
   0.12453
   0.12441
   0.11514
   0.10728
   0.10563
   0.11232
   0.11186
   0.10764
   0.09833
   0.08773
   0.07519
   0.06946
   0.06286
   0.05937
   0.06269
   0.07082
   0.06878
   0.06824
   0.07456
   0.08065
   0.08523
   0.09309
   0.09691
   0.09760
   0.09997
   0.09710
   0.09193
   0.08815
   0.08845
   0.08326
   0.07301
   0.06377
   0.05907
   0.04903
   0.04004
   0.04091
   0.05032
   0.05957
   0.05786
   0.04601
   0.04651
   0.05528
   0.05232
   0.05168
   0.06291
   0.07085
   0.06588
   0.05487
   0.05109
   0.05352
   0.04712
   0.04440
   0.04628
   0.04215
   0.02674
   0.01250
   0.00811
   0.01693
   0.02951
   0.03570
   0.03772
   0.03979
   0.04346
   0.04462
   0.04529
   0.04812
   0.05576
   0.05784
   0.05205
   0.04227
   0.02577
   0.01297
   0.02011
   0.03188
   0.03056
   0.02499
   0.01651
   0.00977
   0.01334
   0.01896
   0.02037
   0.01668
   0.01256
   0.01699
   0.02141
   0.01160
   0.00916
   0.01066
   0.00786
   0.00448
   0.00011
  -0.00781
  -0.00366
   0.00635
   0.02052
   0.02938
   0.03354
   0.03013
   0.02920
   0.02867
   0.02331
   0.01807
   0.01814
   0.01495
   0.01258
   0.00892
   0.00101
  -0.00351
  -0.00113
   0.00788
   0.01868
   0.01896
   0.01283
   0.01267
   0.01849
   0.02025
   0.01962
   0.02049
   0.02322
   0.02288
   0.01973
   0.01041
   0.00501
   0.00631
   0.00356
   0.00003
  -0.00024
  -0.00210
  -0.00102
   0.00154
   0.00646
   0.00981
   0.01549
   0.02851
   0.03712
   0.03180
   0.02853
   0.02557
   0.02864
   0.03392
   0.02762
   0.01694
   0.00986
   0.00241
   0.00028
   0.00046
  -0.00439
  -0.00290
   0.00128
  -0.00053
  -0.00248
   0.00103
  -0.00474
  -0.00434
   0.00847
   0.01761
   0.01696
   0.01272
   0.01666
   0.02878
   0.03442
   0.02443
   0.01796
   0.01585
   0.01015
  -0.00164
  -0.00499
  -0.00210
   0.00259
  -0.00116
  -0.00738
  -0.00821
  -0.00202
   0.00064
   0.00755
   0.00941
   0.00157
  -0.00378
   0.00581
   0.01262
   0.01515
   0.01232
   0.00626
  -0.00488
  -0.00135
   0.01119
   0.01468
   0.00767
   0.01116
   0.01594
   0.01534
   0.00884
   0.00674
   0.00627
   0.00416
   0.00626
   0.01324
   0.01250
   0.00621
  -0.00004
  -0.00506
  -0.00389
  -0.00371
  -0.00716
  -0.00815
  -0.00816
  -0.00841
  -0.00644
   0.00555
   0.02565
   0.03532
   0.03072
   0.02237
   0.01461
   0.00312
  -0.00406
  -0.00197
  -0.00100
  -0.00415
  -0.00829
  -0.00862
  -0.00325
   0.00340
   0.00689
   0.00641
   0.00306
   0.00424
   0.00471
  -0.00025
   0.00073
   0.00482
   0.00774
   0.00838
   0.00216
  -0.00785
  -0.00368
   0.00774
   0.01282
   0.01124
   0.00111
  -0.01471
  -0.00941
   0.00296
   0.00236
  -0.00102
   0.00207
   0.00316
   0.00188
   0.00205
   0.00578
   0.00072
   0.00040
   0.00416
   0.00438
   0.00924
   0.00844
  -0.00350
  -0.00842
  -0.00744
  -0.00504
   0.00097
   0.00746
   0.01049
   0.00776
   0.00808
   0.01543
   0.01994
   0.01537
   0.01455
   0.02491
   0.02974
   0.02451
   0.02118
   0.01350
   0.01072
   0.01887
   0.02248
   0.01769
   0.01731
   0.01901
   0.01434
   0.00513
  -0.00046
  -0.00039
   0.00445
   0.01320
   0.02530
   0.02607
   0.01853
   0.02356
   0.03434
   0.02642
   0.02106
   0.01856
   0.00208
  -0.00692
   0.00767
   0.01732
   0.02303
   0.03006
   0.03022
   0.02184
   0.02112
   0.01982
   0.01998
   0.02312
   0.02204
   0.01971
   0.02908
   0.03283
   0.01877
   0.00955
   0.01183
   0.01670
   0.01365
   0.01556
   0.01539
   0.01515
   0.01397
   0.01284
   0.00936
   0.00830
   0.01125
   0.01449
   0.00739
  -0.00100
  -0.00063
  -0.00091
   0.00435
   0.01081
   0.01367
   0.01751
   0.01397
  -0.00309
  -0.00180
   0.00876
   0.01330
   0.01247
   0.00756
  -0.00154
  -0.00826
  -0.01112
  -0.00492
   0.00452
   0.01862
   0.03318
   0.04443
   0.04281
   0.03486
   0.03497
   0.03813
   0.02746
   0.02481
   0.02773
   0.02371
   0.02382
   0.03240
   0.03573
   0.03440
   0.03420
   0.03454
   0.02827
   0.02421
   0.02788
   0.02593
   0.01728
   0.02157
   0.02142
   0.02328
   0.04215
   0.05836
   0.05467
   0.05308
   0.05537
   0.06024
   0.07070
   0.08125
   0.08051
   0.07843
   0.06927
   0.05986
   0.06278
   0.06935
   0.06652
   0.06838
   0.07977
   0.09248
   0.08927
   0.08760
   0.08506
   0.07880
   0.07784
   0.08568
   0.08553
   0.08901
   0.09049
   0.09063
   0.09692
   0.11264
   0.11491
   0.10966
   0.10495
   0.10290
   0.10370
   0.10597
   0.10591
   0.10458
   0.10000
   0.10314
   0.10408
   0.09885
   0.10615
   0.11680
   0.11088
   0.10010
   0.09935
   0.10234
   0.10809
   0.11733
   0.12555
   0.12799
   0.13231
   0.13885
   0.14366
   0.14775
   0.14897
   0.14918
   0.14994
   0.15330
   0.15168
   0.14454
   0.14445
   0.14691
   0.14222
