   0.05320
   0.06263
   0.07527
   0.15803
   0.36761
   1.09902
   2.86876
   5.43084
   7.81130
   9.44027
  10.43755
  10.99870
  11.23646
  11.24458
  11.10755
  10.89638
  10.64038
  10.35043
  10.04981
   9.74531
   9.43486
   9.11906
   8.80121
   8.48503
   8.16924
   7.84859
   7.52461
   7.20538
   6.89163
   6.57926
   6.26875
   5.96111
   5.65879
   5.36198
   5.06739
   4.77606
   4.49244
   4.21563
   3.94321
   3.67507
   3.41251
   3.15844
   2.90987
   2.66295
   2.42115
   2.18793
   1.96075
   1.73779
   1.51888
   1.30582
   1.10081
   0.90005
   0.70224
   0.51123
   0.32700
   0.14685
  -0.02871
  -0.19935
  -0.36568
  -0.52755
  -0.68653
  -0.84206
  -0.99112
  -1.13383
  -1.27197
  -1.40634
  -1.53673
  -1.66209
  -1.78275
  -1.90018
  -2.01395
  -2.12265
  -2.22733
  -2.32889
  -2.42676
  -2.52050
  -2.61000
  -2.69623
  -2.77938
  -2.85927
  -2.93525
  -3.00720
  -3.07615
  -3.14248
  -3.20593
  -3.26584
  -3.32334
  -3.37876
  -3.43116
  -3.48035
  -3.52653
  -3.57023
  -3.61130
  -3.65024
  -3.68619
  -3.71948
  -3.75121
  -3.78061
  -3.80725
  -3.83144
  -3.85406
  -3.87462
  -3.89329
  -3.91035
  -3.92485
  -3.93658
  -3.94638
  -3.95531
  -3.96230
  -3.96706
  -3.97021
  -3.97219
  -3.97278
  -3.97135
  -3.96854
  -3.96464
  -3.95993
  -3.95356
  -3.94593
  -3.93710
  -3.92697
  -3.91548
  -3.90220
  -3.88789
  -3.87373
  -3.85943
  -3.84286
  -3.82484
  -3.80648
  -3.78674
  -3.76576
  -3.74410
  -3.72194
  -3.69866
  -3.67458
  -3.64935
  -3.62338
  -3.59781
  -3.57150
  -3.54409
  -3.51632
  -3.48883
  -3.46022
  -3.43077
  -3.40105
  -3.37080
  -3.33996
  -3.30836
  -3.27661
  -3.24508
  -3.21338
  -3.18064
  -3.14728
  -3.11422
  -3.08082
  -3.04657
  -3.01146
  -2.97668
  -2.94238
  -2.90779
  -2.87299
  -2.83847
  -2.80385
  -2.76795
  -2.73191
  -2.69627
  -2.66058
  -2.62413
  -2.58738
  -2.55083
  -2.51437
  -2.47849
  -2.44297
  -2.40732
  -2.37116
  -2.33499
  -2.29887
  -2.26259
  -2.22671
  -2.19148
  -2.15653
  -2.12124
  -2.08551
  -2.04980
  -2.01431
  -1.97890
  -1.94334
  -1.90799
  -1.87314
  -1.83866
  -1.80400
  -1.76910
  -1.73440
  -1.69990
  -1.66545
  -1.63135
  -1.59778
  -1.56434
  -1.53102
  -1.49815
  -1.46557
  -1.43279
  -1.40026
  -1.36784
  -1.33534
  -1.30329
  -1.27182
  -1.24030
  -1.20861
  -1.17725
  -1.14608
  -1.11513
  -1.08426
  -1.05351
  -1.02329
  -0.99375
  -0.96427
  -0.93427
  -0.90419
  -0.87445
  -0.84476
  -0.81493
  -0.78559
  -0.75708
  -0.72891
  -0.70082
  -0.67291
  -0.64534
  -0.61795
  -0.59094
  -0.56448
  -0.53836
  -0.51214
  -0.48611
  -0.46094
  -0.43645
  -0.41214
  -0.38739
  -0.36255
  -0.33824
  -0.31460
  -0.29130
  -0.26797
  -0.24499
  -0.22282
  -0.20118
  -0.17948
  -0.15751
  -0.13546
  -0.11379
  -0.09318
  -0.07315
  -0.05324
  -0.03322
  -0.01336
   0.00631
   0.02587
   0.04497
   0.06398
   0.08313
   0.10206
   0.12033
   0.13860
   0.15661
   0.17414
   0.19159
   0.20858
   0.22491
   0.24102
   0.25715
   0.27297
   0.28859
   0.30411
   0.31945
   0.33451
   0.34914
   0.36355
   0.37796
   0.39201
   0.40580
   0.41977
   0.43361
   0.44677
   0.45973
   0.47260
   0.48490
   0.49693
   0.50891
   0.52047
   0.53178
   0.54313
   0.55391
   0.56471
   0.57644
   0.58836
   0.59959
   0.61040
   0.62107
   0.63120
   0.64073
   0.64976
   0.65856
   0.66752
   0.67651
   0.68515
   0.69354
   0.70208
   0.71057
   0.71881
   0.72710
   0.73561
   0.74381
   0.75124
   0.75781
   0.76417
   0.77078
   0.77781
   0.78478
   0.79161
   0.79829
   0.80448
   0.81004
   0.81550
   0.82084
   0.82567
   0.83077
   0.83601
   0.84095
   0.84601
   0.85141
   0.85581
   0.85961
   0.86346
   0.86709
   0.87074
   0.87455
   0.87797
   0.88090
   0.88409
   0.88723
   0.89010
   0.89300
   0.89601
   0.89883
   0.90140
   0.90351
   0.90516
   0.90741
   0.91009
   0.91239
   0.91447
   0.91604
   0.91696
   0.91836
   0.92033
   0.92196
   0.92325
   0.92456
   0.92560
   0.92629
   0.92688
   0.92759
   0.92850
   0.92947
   0.93009
   0.92991
   0.92960
   0.92981
   0.92998
   0.92969
   0.92951
   0.92949
   0.92909
   0.92829
   0.92789
   0.92748
   0.92680
   0.92599
   0.92467
   0.92313
   0.92175
   0.92071
   0.91958
   0.91886
   0.91777
   0.91575
   0.91384
   0.91249
   0.91118
   0.90963
   0.90821
   0.90602
   0.90320
   0.90054
   0.89841
   0.89721
   0.89632
   0.89474
   0.89264
   0.89078
   0.88814
   0.88487
   0.88249
   0.88070
   0.87846
   0.87568
   0.87294
   0.87011
   0.86763
   0.86513
   0.86233
   0.85980
   0.85735
   0.85429
   0.85105
   0.84837
   0.84545
   0.84251
   0.83976
   0.83669
   0.83338
   0.83017
   0.82655
   0.82301
   0.82011
   0.81708
   0.81395
   0.81154
   0.80889
   0.80522
   0.80155
   0.79812
   0.79458
   0.79098
   0.78741
   0.78327
   0.77895
   0.77509
   0.77198
   0.76913
   0.76650
   0.76364
   0.75984
   0.75559
   0.75157
   0.74768
   0.74401
   0.74084
   0.73739
   0.73350
   0.72986
   0.72649
   0.72312
   0.71957
   0.71591
   0.71268
   0.70928
   0.70528
   0.70095
   0.69738
   0.69396
   0.69033
   0.68682
   0.68338
   0.67944
   0.67554
   0.67231
   0.66825
   0.66355
   0.65956
   0.65611
   0.65229
   0.64875
   0.64517
   0.64082
   0.63652
   0.63272
   0.62870
   0.62420
   0.62003
   0.61691
   0.61362
   0.60962
   0.60582
   0.60270
   0.59927
   0.59509
   0.59081
   0.58681
   0.58323
   0.57934
   0.57516
   0.57111
   0.56753
   0.56412
   0.56073
   0.55702
   0.55299
   0.54913
   0.54536
   0.54132
   0.53709
   0.53281
   0.52842
   0.52448
   0.52091
   0.51747
   0.51441
   0.51112
   0.50705
   0.50270
   0.49888
   0.49564
   0.49246
   0.48902
   0.48559
   0.48213
   0.47792
   0.47388
   0.47045
   0.46705
   0.46352
   0.45989
   0.45607
   0.45227
   0.44884
   0.44516
   0.44137
   0.43771
   0.43411
   0.43056
   0.42699
   0.42359
   0.42006
   0.41617
   0.41220
   0.40868
   0.40514
   0.40122
   0.39749
   0.39414
   0.39044
   0.38614
   0.38218
   0.37862
   0.37499
   0.37169
   0.36858
   0.36548
   0.36223
   0.35899
   0.35536
   0.35192
   0.34861
   0.34502
   0.34167
   0.33863
   0.33564
   0.33268
   0.33052
   0.32835
   0.32554
   0.32253
   0.31958
   0.31676
   0.31386
   0.31086
   0.30757
   0.30405
   0.30074
   0.29746
   0.29415
   0.29124
   0.28900
   0.28664
   0.28380
   0.28089
   0.27788
   0.27468
   0.27126
   0.26797
   0.26530
   0.26283
   0.25989
   0.25662
   0.25367
   0.25079
   0.24779
   0.24475
   0.24206
   0.23971
   0.23738
   0.23467
   0.23152
   0.22820
   0.22520
   0.22278
   0.22031
   0.21766
   0.21471
   0.21160
   0.20855
   0.20528
   0.20239
   0.19995
   0.19754
   0.19505
   0.19299
   0.19104
   0.18849
   0.18570
   0.18322
   0.18090
   0.17845
   0.17625
   0.17412
   0.17167
   0.16908
   0.16641
   0.16350
   0.16073
   0.15839
   0.15646
   0.15481
   0.15298
   0.15078
   0.14838
   0.14593
   0.14370
   0.14149
   0.13927
   0.13710
   0.13500
   0.13306
   0.13106
   0.12913
   0.12703
   0.12516
   0.12312
   0.12054
   0.11791
   0.11597
   0.11468
   0.11316
   0.11136
   0.10912
   0.10674
   0.10443
   0.10284
   0.10154
   0.09980
   0.09797
   0.09628
   0.09419
   0.09202
   0.09051
   0.08924
   0.08778
   0.08609
   0.08408
   0.08211
   0.08035
   0.07862
   0.07673
   0.07496
   0.07333
   0.07148
   0.06977
   0.06836
   0.06711
   0.06549
   0.06387
   0.06225
   0.06033
   0.05852
   0.05665
   0.05483
   0.05280
   0.05137
   0.05002
   0.04782
   0.04523
   0.04307
   0.04147
   0.03965
   0.03841
   0.03764
   0.03686
   0.03581
   0.03479
   0.03398
   0.03305
   0.03169
   0.03002
   0.02877
   0.02819
   0.02762
   0.02653
   0.02547
   0.02475
   0.02404
   0.02257
   0.02087
   0.01930
   0.01765
   0.01615
   0.01523
   0.01452
   0.01310
   0.01150
   0.01047
   0.01006
   0.00936
   0.00819
   0.00669
   0.00555
   0.00475
   0.00395
   0.00298
   0.00174
   0.00040
  -0.00068
  -0.00122
  -0.00189
  -0.00288
  -0.00416
  -0.00521
  -0.00586
  -0.00644
  -0.00709
  -0.00795
  -0.00865
  -0.00874
  -0.00847
  -0.00878
  -0.00976
  -0.01074
  -0.01177
  -0.01255
  -0.01299
  -0.01312
  -0.01365
  -0.01448
  -0.01515
  -0.01593
  -0.01687
  -0.01781
  -0.01828
  -0.01873
  -0.01953
  -0.02088
  -0.02173
  -0.02175
  -0.02209
  -0.02308
  -0.02376
  -0.02398
  -0.02435
  -0.02505
  -0.02597
  -0.02665
  -0.02691
  -0.02718
  -0.02744
  -0.02741
  -0.02772
  -0.02841
  -0.02937
  -0.03006
  -0.03027
  -0.03026
  -0.03066
  -0.03120
  -0.03133
  -0.03188
  -0.03289
  -0.03398
  -0.03466
  -0.03540
  -0.03595
  -0.03624
  -0.03646
  -0.03668
  -0.03690
  -0.03711
  -0.03747
  -0.03775
  -0.03826
  -0.03910
  -0.03973
  -0.03999
  -0.04006
  -0.04022
  -0.04069
  -0.04147
  -0.04212
  -0.04233
  -0.04256
  -0.04294
  -0.04313
  -0.04307
  -0.04290
  -0.04285
  -0.04284
  -0.04305
  -0.04345
  -0.04394
  -0.04422
  -0.04407
  -0.04411
  -0.04482
  -0.04566
  -0.04576
  -0.04530
  -0.04504
  -0.04506
  -0.04502
  -0.04483
  -0.04471
  -0.04488
  -0.04513
  -0.04542
  -0.04584
  -0.04607
  -0.04611
  -0.04614
  -0.04634
  -0.04617
  -0.04536
  -0.04470
  -0.04447
  -0.04416
  -0.04381
  -0.04398
  -0.04429
  -0.04434
  -0.04402
  -0.04376
  -0.04356
  -0.04318
  -0.04294
  -0.04327
  -0.04398
  -0.04429
  -0.04425
  -0.04428
  -0.04482
  -0.04516
  -0.04498
  -0.04484
  -0.04506
  -0.04512
  -0.04505
  -0.04525
  -0.04547
  -0.04557
  -0.04554
  -0.04526
  -0.04491
  -0.04486
  -0.04466
  -0.04415
  -0.04370
  -0.04391
  -0.04409
  -0.04385
  -0.04359
  -0.04396
  -0.04442
  -0.04466
  -0.04464
  -0.04438
  -0.04409
  -0.04372
  -0.04343
  -0.04328
  -0.04323
  -0.04292
  -0.04244
  -0.04220
  -0.04222
  -0.04260
  -0.04306
  -0.04325
  -0.04311
  -0.04271
  -0.04201
  -0.04158
  -0.04180
  -0.04201
  -0.04166
  -0.04141
  -0.04144
  -0.04143
  -0.04144
  -0.04161
  -0.04168
  -0.04100
  -0.04092
  -0.03687
  -0.03730
  -0.02287
   0.01468
   0.04335
   0.04414
   0.03992
   0.04276
   0.04075
   0.04093
   0.04091
   0.04104
   0.04080
   0.04026
   0.03952
   0.03954
   0.03990
   0.03957
   0.03889
   0.03864
   0.03863
   0.03816
   0.03756
   0.03724
   0.03734
   0.03731
   0.03705
   0.03651
   0.03627
   0.03660
   0.03674
   0.03644
   0.03601
   0.03598
   0.03565
   0.03529
   0.03503
   0.03511
   0.03515
   0.03502
   0.03494
   0.03477
   0.03462
   0.03456
   0.03482
   0.03498
   0.03474
   0.03401
   0.03332
   0.03309
   0.03346
   0.03378
   0.03359
   0.03329
   0.03338
   0.03342
   0.03342
   0.03348
   0.03349
   0.03328
   0.03323
   0.03378
   0.03446
   0.03459
   0.03421
   0.03385
   0.03353
   0.03336
   0.03336
   0.03351
   0.03396
   0.03452
   0.03478
   0.03500
   0.03558
   0.03612
   0.03603
   0.03608
   0.03640
   0.03655
   0.03666
   0.03696
   0.03680
   0.03640
   0.03641
   0.03692
   0.03752
   0.03745
   0.03669
   0.03636
   0.03671
   0.03682
   0.03687
   0.03694
   0.03663
   0.03617
   0.03613
   0.03643
   0.03681
   0.03651
   0.03572
   0.03541
   0.03569
   0.03596
   0.03606
   0.03596
   0.03580
   0.03617
   0.03641
   0.03605
   0.03563
   0.03570
   0.03556
   0.03515
   0.03523
   0.03523
   0.03460
   0.03408
   0.03501
   0.03560
   0.03940
   0.03575
   0.04211
   0.04400
   0.02161
