   0.11612
   0.19811
   0.25928
   0.36224
   0.48608
   0.70819
   1.07917
   1.65052
   2.48519
   3.65565
   5.19376
   6.95177
   8.73426
  10.36333
  12.02993
  12.90302
  12.30656
  11.07174
  10.24920
   9.68508
   9.29213
   8.92456
   8.57539
   8.24670
   7.93984
   7.66043
   7.40955
   7.13931
   6.80423
   6.44450
   6.12296
   5.83341
   5.53086
   5.21377
   4.91015
   4.62789
   4.35009
   4.07874
   3.81825
   3.56182
   3.30179
   3.04329
   2.80598
   2.59009
   2.37061
   2.13953
   1.92113
   1.71621
   1.51323
   1.31277
   1.11318
   0.91254
   0.72942
   0.56673
   0.40779
   0.24052
   0.06725
  -0.09885
  -0.25648
  -0.40504
  -0.54279
  -0.67808
  -0.80824
  -0.92605
  -1.04518
  -1.16952
  -1.28889
  -1.40441
  -1.52060
  -1.63788
  -1.74816
  -1.84770
  -1.93987
  -2.02580
  -2.10414
  -2.18677
  -2.27016
  -2.35276
  -2.42720
  -2.49577
  -2.56371
  -2.62921
  -2.68737
  -2.74455
  -2.79171
  -2.83383
  -2.88490
  -2.94389
  -2.99725
  -3.04316
  -3.08851
  -3.13345
  -3.16758
  -3.19598
  -3.22416
  -3.25554
  -3.28334
  -3.30878
  -3.33178
  -3.35376
  -3.38092
  -3.40949
  -3.41894
  -3.41972
  -3.42930
  -3.44126
  -3.45642
  -3.46513
  -3.46673
  -3.46897
  -3.47497
  -3.47471
  -3.47614
  -3.47653
  -3.47848
  -3.47525
  -3.47405
  -3.47708
  -3.48193
  -3.48296
  -3.47260
  -3.45344
  -3.43527
  -3.41879
  -3.40036
  -3.39221
  -3.38654
  -3.36690
  -3.33660
  -3.31235
  -3.29207
  -3.27649
  -3.26278
  -3.24179
  -3.21469
  -3.18747
  -3.16418
  -3.14816
  -3.13654
  -3.12148
  -3.10294
  -3.07710
  -3.04669
  -3.01449
  -2.97811
  -2.93913
  -2.90319
  -2.87126
  -2.85181
  -2.83064
  -2.79744
  -2.76921
  -2.74690
  -2.71893
  -2.68724
  -2.66014
  -2.63904
  -2.61709
  -2.59109
  -2.56362
  -2.52927
  -2.49140
  -2.46215
  -2.43489
  -2.40978
  -2.38625
  -2.35732
  -2.31236
  -2.27933
  -2.26572
  -2.25045
  -2.21573
  -2.18314
  -2.15705
  -2.13108
  -2.09886
  -2.06687
  -2.03443
  -1.99380
  -1.95926
  -1.94159
  -1.92379
  -1.89003
  -1.85580
  -1.82863
  -1.79829
  -1.75927
  -1.72191
  -1.69063
  -1.66073
  -1.63637
  -1.61143
  -1.58519
  -1.56490
  -1.54509
  -1.51268
  -1.48264
  -1.46301
  -1.43341
  -1.39163
  -1.35438
  -1.32196
  -1.29594
  -1.27326
  -1.24766
  -1.22407
  -1.19753
  -1.16328
  -1.13245
  -1.11391
  -1.09868
  -1.06638
  -1.02363
  -0.99708
  -0.98018
  -0.95767
  -0.93179
  -0.90614
  -0.88498
  -0.86926
  -0.85369
  -0.83095
  -0.80195
  -0.77143
  -0.74846
  -0.73088
  -0.70353
  -0.66952
  -0.64134
  -0.62026
  -0.60059
  -0.58158
  -0.56207
  -0.54152
  -0.52111
  -0.49551
  -0.46926
  -0.44797
  -0.42880
  -0.40674
  -0.38908
  -0.37038
  -0.34912
  -0.32625
  -0.30648
  -0.29368
  -0.28386
  -0.26217
  -0.23569
  -0.21422
  -0.19130
  -0.17154
  -0.15969
  -0.14490
  -0.12676
  -0.11026
  -0.09432
  -0.07617
  -0.05356
  -0.03504
  -0.02315
  -0.00998
   0.00397
   0.01998
   0.03542
   0.04891
   0.06020
   0.07053
   0.08070
   0.09235
   0.10768
   0.13146
   0.15530
   0.16543
   0.17120
   0.18237
   0.19468
   0.20580
   0.22465
   0.24100
   0.24574
   0.25256
   0.27175
   0.28837
   0.29851
   0.31066
   0.32032
   0.32716
   0.34644
   0.36243
   0.37090
   0.37970
   0.38912
   0.40094
   0.41100
   0.41344
   0.41784
   0.42682
   0.43534
   0.44296
   0.45279
   0.47272
   0.49027
   0.50469
   0.51101
   0.50588
   0.50317
   0.50668
   0.51369
   0.52371
   0.52984
   0.53365
   0.54455
   0.56182
   0.57344
   0.57503
   0.58197
   0.59210
   0.58619
   0.58460
   0.59201
   0.59627
   0.59708
   0.60104
   0.60233
   0.61478
   0.62968
   0.64421
   0.65128
   0.64341
   0.62724
   0.62519
   0.63701
   0.65637
   0.67193
   0.67940
   0.67568
   0.66656
   0.66043
   0.66253
   0.66839
   0.67796
   0.68559
   0.68696
   0.68466
   0.68846
   0.69639
   0.71231
   0.72434
   0.71903
   0.71085
   0.71071
   0.71218
   0.71661
   0.71724
   0.71556
   0.72240
   0.73285
   0.73584
   0.73074
   0.72359
   0.71876
   0.72439
   0.73745
   0.73530
   0.72265
   0.72449
   0.73487
   0.74282
   0.74664
   0.74391
   0.74071
   0.74355
   0.73978
   0.72496
   0.71954
   0.72340
   0.72360
   0.72374
   0.72628
   0.72917
   0.73655
   0.74090
   0.74128
   0.74696
   0.74638
   0.73228
   0.72220
   0.71810
   0.70947
   0.70510
   0.71420
   0.72698
   0.72971
   0.72318
   0.71626
   0.71666
   0.72267
   0.72216
   0.71031
   0.69460
   0.68653
   0.69251
   0.69780
   0.70163
   0.70434
   0.69542
   0.67971
   0.67051
   0.67286
   0.68115
   0.68135
   0.67676
   0.68020
   0.68354
   0.68048
   0.67611
   0.68326
   0.69165
   0.68485
   0.66922
   0.65751
   0.65137
   0.65392
   0.65564
   0.65437
   0.65591
   0.65450
   0.64667
   0.64040
   0.64078
   0.64668
   0.64073
   0.62770
   0.62350
   0.62616
   0.61993
   0.61256
   0.61336
   0.61318
   0.60525
   0.59998
   0.60240
   0.60718
   0.60418
   0.60069
   0.60578
   0.60927
   0.60211
   0.59081
   0.58222
   0.58344
   0.57482
   0.56531
   0.56456
   0.56877
   0.56645
   0.56711
   0.56369
   0.56020
   0.55602
   0.54975
   0.54408
   0.54114
   0.54340
   0.54778
   0.54912
   0.54702
   0.54173
   0.52706
   0.52040
   0.52026
   0.51176
   0.50141
   0.49256
   0.49440
   0.50318
   0.50443
   0.49632
   0.49692
   0.49823
   0.49809
   0.49146
   0.48478
   0.47512
   0.46823
   0.46510
   0.46897
   0.47104
   0.46770
   0.46179
   0.45668
   0.45206
   0.44629
   0.43380
   0.42939
   0.43641
   0.43503
   0.42883
   0.42837
   0.42886
   0.42663
   0.41922
   0.41112
   0.40719
   0.41164
   0.41681
   0.41162
   0.40438
   0.39846
   0.39472
   0.39068
   0.38201
   0.37766
   0.38510
   0.38428
   0.37390
   0.36969
   0.36787
   0.36196
   0.35564
   0.35293
   0.35508
   0.36136
   0.36361
   0.35798
   0.35219
   0.35257
   0.35541
   0.34417
   0.32961
   0.32208
   0.31919
   0.32013
   0.32582
   0.32514
   0.32579
   0.32143
   0.31309
   0.31436
   0.31883
   0.31396
   0.31249
   0.30941
   0.30186
   0.30030
   0.30121
   0.29437
   0.28662
   0.27544
   0.26179
   0.26330
   0.27161
   0.27365
   0.26731
   0.25770
   0.25330
   0.25375
   0.25468
   0.26442
   0.27381
   0.26997
   0.25528
   0.24156
   0.23579
   0.22819
   0.21940
   0.22475
   0.23945
   0.24496
   0.24710
   0.24588
   0.24132
   0.23182
   0.21952
   0.21112
   0.21152
   0.21445
   0.22202
   0.21889
   0.20632
   0.20618
   0.20472
   0.19439
   0.19051
   0.19335
   0.19215
   0.18334
   0.17730
   0.18589
   0.19597
   0.19664
   0.19133
   0.18485
   0.19100
   0.19544
   0.18367
   0.16673
   0.15961
   0.14816
   0.13589
   0.13903
   0.15484
   0.15600
   0.14448
   0.13697
   0.13615
   0.13514
   0.13159
   0.13142
   0.13714
   0.13436
   0.11990
   0.10940
   0.10958
   0.10987
   0.10955
   0.10829
   0.11436
   0.11857
   0.11643
   0.11925
   0.12874
   0.12224
   0.10194
   0.08449
   0.08248
   0.08831
   0.08293
   0.07157
   0.07983
   0.10151
   0.10372
   0.09524
   0.09315
   0.09201
   0.09219
   0.08797
   0.08556
   0.09401
   0.09126
   0.07951
   0.08731
   0.09139
   0.07626
   0.06608
   0.07123
   0.06650
   0.05032
   0.04046
   0.04530
   0.04743
   0.04737
   0.04988
   0.05324
   0.05328
   0.05423
   0.05140
   0.05335
   0.05635
   0.05197
   0.04578
   0.04910
   0.04708
   0.04042
   0.03735
   0.03679
   0.03610
   0.03473
   0.03004
   0.03401
   0.03672
   0.03105
   0.02076
   0.01969
   0.02458
   0.02649
   0.02052
   0.02407
   0.02683
   0.02085
   0.01274
   0.01635
   0.02064
   0.02269
   0.02359
   0.02267
   0.02320
   0.02310
   0.01649
   0.00883
   0.00120
  -0.00517
  -0.00738
  -0.01330
  -0.01351
  -0.00370
  -0.00113
  -0.00531
  -0.00790
  -0.00337
   0.00289
   0.00510
   0.00029
  -0.00129
   0.00300
   0.01115
   0.01278
   0.00850
  -0.00275
  -0.01539
  -0.02281
  -0.02649
  -0.02767
  -0.02395
  -0.02410
  -0.02672
  -0.02215
  -0.01432
  -0.01151
  -0.01715
  -0.03042
  -0.03805
  -0.04133
  -0.04121
  -0.03720
  -0.02726
  -0.02092
  -0.02392
  -0.03373
  -0.04048
  -0.04237
  -0.03831
  -0.03940
  -0.03658
  -0.02877
  -0.02957
  -0.03313
  -0.03622
  -0.04636
  -0.05750
  -0.05982
  -0.05270
  -0.04400
  -0.04177
  -0.04181
  -0.03937
  -0.04103
  -0.04965
  -0.06199
  -0.07272
  -0.07088
  -0.05097
  -0.04742
  -0.05723
  -0.05449
  -0.04607
  -0.04844
  -0.04856
  -0.05306
  -0.06105
  -0.05843
  -0.04814
  -0.04609
  -0.04611
  -0.04117
  -0.03776
  -0.03377
  -0.03236
  -0.03782
  -0.04035
  -0.04266
  -0.04448
  -0.03109
  -0.02535
  -0.03239
  -0.03979
  -0.04465
  -0.05090
  -0.05569
  -0.06091
  -0.05680
  -0.04595
  -0.04524
  -0.05325
  -0.05639
  -0.05520
  -0.05604
  -0.05105
  -0.04853
  -0.05263
  -0.05960
  -0.06364
  -0.06508
  -0.06266
  -0.06152
  -0.07003
  -0.07652
  -0.07037
  -0.06578
  -0.06346
  -0.05529
  -0.04807
  -0.05087
  -0.05733
  -0.06320
  -0.06793
  -0.07551
  -0.07871
  -0.06665
  -0.05544
  -0.05669
  -0.06057
  -0.06529
  -0.06771
  -0.06173
  -0.06181
  -0.06915
  -0.06119
  -0.05210
  -0.06365
  -0.07796
  -0.07675
  -0.06892
  -0.07039
  -0.08176
  -0.08781
  -0.08106
  -0.07253
  -0.05612
  -0.04245
  -0.04856
  -0.06780
  -0.07742
  -0.07860
  -0.07508
  -0.06699
  -0.05670
  -0.05242
  -0.05683
  -0.07128
  -0.07986
  -0.07405
  -0.07061
  -0.07497
  -0.07785
  -0.07432
  -0.06508
  -0.06049
  -0.07252
  -0.08186
  -0.08420
  -0.08543
  -0.08370
  -0.07193
  -0.06198
  -0.05707
  -0.05782
  -0.06440
  -0.06911
  -0.06927
  -0.07422
  -0.08131
  -0.07487
  -0.06361
  -0.05639
  -0.05641
  -0.06052
  -0.06667
  -0.06957
  -0.06701
  -0.05970
  -0.05741
  -0.05557
  -0.06088
  -0.07706
  -0.08641
  -0.07948
  -0.07338
  -0.07419
  -0.07883
  -0.07623
  -0.07120
  -0.07447
  -0.08213
  -0.07847
  -0.06752
  -0.06643
  -0.07763
  -0.07910
  -0.07557
  -0.07593
  -0.07601
  -0.07448
  -0.07230
  -0.06684
  -0.06852
  -0.06861
  -0.06622
  -0.07266
  -0.08204
  -0.07593
  -0.05597
  -0.04103
  -0.03346
  -0.03158
  -0.03497
  -0.04036
  -0.04654
  -0.05179
  -0.04912
  -0.03771
  -0.02235
  -0.01775
  -0.02525
  -0.02691
  -0.02124
  -0.02350
  -0.03803
  -0.04599
  -0.03916
  -0.02950
  -0.02562
  -0.03253
  -0.04510
  -0.05008
  -0.04328
  -0.03165
  -0.02006
  -0.01412
  -0.01707
  -0.02388
  -0.02373
  -0.01893
  -0.01309
  -0.01162
  -0.01305
  -0.02016
  -0.02745
  -0.03063
  -0.02925
  -0.02751
  -0.02300
  -0.02382
  -0.03465
  -0.04035
  -0.03130
  -0.01887
  -0.01216
  -0.00972
  -0.00997
  -0.00733
  -0.00755
  -0.01202
  -0.01276
  -0.00650
  -0.00153
  -0.00519
  -0.00910
  -0.00398
   0.00424
   0.00365
  -0.00148
  -0.00960
  -0.01343
  -0.01221
  -0.00561
  -0.00450
  -0.00184
   0.00071
   0.00415
   0.00247
   0.00172
  -0.00270
  -0.00418
   0.00219
   0.01100
   0.01592
   0.01573
   0.00384
  -0.00787
   0.00317
   0.01783
   0.02534
   0.02899
   0.03600
   0.03183
   0.02175
   0.01874
   0.02122
   0.01832
   0.01625
   0.01460
   0.01619
   0.02034
   0.01983
   0.02199
   0.02692
   0.02719
   0.02828
   0.03806
   0.04734
   0.05227
   0.05659
   0.05533
   0.04753
   0.04356
   0.04598
   0.05156
   0.05674
   0.05745
   0.05783
   0.06687
   0.07935
   0.07376
   0.05336
   0.04350
   0.05250
   0.05337
   0.03811
   0.04327
   0.06263
   0.10862
   0.09187
