   0.00212
   0.07598
   0.34247
   1.06165
   2.65268
   5.12231
   7.77756
   9.89727
  11.37857
  12.34033
  12.94795
  13.29820
  13.31996
  13.01988
  12.56296
  12.05924
  11.48077
  10.84355
  10.16334
   9.50723
   8.89320
   8.30499
   7.73794
   7.19454
   6.68188
   6.20288
   5.75698
   5.32741
   4.90471
   4.50296
   4.12696
   3.76038
   3.40535
   3.07363
   2.75533
   2.43990
   2.13443
   1.84633
   1.57066
   1.30028
   1.03669
   0.78713
   0.54828
   0.31341
   0.08572
  -0.12946
  -0.33736
  -0.54296
  -0.74292
  -0.93107
  -1.10728
  -1.27744
  -1.44309
  -1.59996
  -1.74936
  -1.89585
  -2.03757
  -2.16893
  -2.29276
  -2.41363
  -2.52855
  -2.63524
  -2.73431
  -2.82911
  -2.92083
  -3.00901
  -3.09178
  -3.16867
  -3.23925
  -3.30474
  -3.37187
  -3.43828
  -3.49707
  -3.54806
  -3.59562
  -3.63998
  -3.67907
  -3.71504
  -3.74870
  -3.78096
  -3.80941
  -3.83488
  -3.85822
  -3.87875
  -3.89448
  -3.90781
  -3.92095
  -3.93282
  -3.94378
  -3.95175
  -3.95685
  -3.95908
  -3.95859
  -3.95522
  -3.94871
  -3.93919
  -3.93001
  -3.92129
  -3.91040
  -3.89766
  -3.88638
  -3.87296
  -3.85770
  -3.84217
  -3.82591
  -3.80943
  -3.79122
  -3.76948
  -3.74403
  -3.72008
  -3.69453
  -3.66887
  -3.64436
  -3.61794
  -3.58635
  -3.55473
  -3.52543
  -3.49574
  -3.46360
  -3.43128
  -3.40003
  -3.36783
  -3.33431
  -3.30307
  -3.27336
  -3.24235
  -3.20915
  -3.17383
  -3.13768
  -3.10143
  -3.06472
  -3.02814
  -2.99180
  -2.95317
  -2.91477
  -2.87714
  -2.83903
  -2.80080
  -2.76313
  -2.72165
  -2.67780
  -2.63436
  -2.59353
  -2.55463
  -2.51732
  -2.48083
  -2.44334
  -2.40682
  -2.37054
  -2.33063
  -2.29154
  -2.25648
  -2.22402
  -2.19310
  -2.16199
  -2.12693
  -2.09041
  -2.05611
  -2.02069
  -1.98691
  -1.95317
  -1.91915
  -1.88360
  -1.84762
  -1.81311
  -1.77892
  -1.74489
  -1.71301
  -1.68436
  -1.65199
  -1.61705
  -1.58511
  -1.55365
  -1.51874
  -1.48403
  -1.45243
  -1.42002
  -1.38636
  -1.35496
  -1.32488
  -1.29319
  -1.25889
  -1.22563
  -1.19429
  -1.16234
  -1.13054
  -1.10206
  -1.07464
  -1.04385
  -1.01283
  -0.98510
  -0.95869
  -0.93162
  -0.90348
  -0.87643
  -0.85009
  -0.82134
  -0.78969
  -0.75875
  -0.72945
  -0.70235
  -0.67708
  -0.65191
  -0.62599
  -0.59762
  -0.56787
  -0.53827
  -0.51238
  -0.49006
  -0.47067
  -0.45118
  -0.42987
  -0.40929
  -0.38974
  -0.36838
  -0.34352
  -0.32058
  -0.30086
  -0.28156
  -0.26181
  -0.24238
  -0.22377
  -0.20219
  -0.17976
  -0.16023
  -0.14042
  -0.11775
  -0.09662
  -0.07916
  -0.06084
  -0.04165
  -0.02257
  -0.00502
   0.01142
   0.02672
   0.04352
   0.06365
   0.08463
   0.10252
   0.11545
   0.12798
   0.14156
   0.15624
   0.17072
   0.18468
   0.19799
   0.21164
   0.22687
   0.24359
   0.26041
   0.27451
   0.28725
   0.29783
   0.30683
   0.31947
   0.33560
   0.34924
   0.35921
   0.37029
   0.37925
   0.38432
   0.39141
   0.40464
   0.41545
   0.42231
   0.43292
   0.44552
   0.45536
   0.46317
   0.47346
   0.48397
   0.49367
   0.50309
   0.51382
   0.52543
   0.53564
   0.54524
   0.55436
   0.56380
   0.57189
   0.58125
   0.59045
   0.59745
   0.60474
   0.61345
   0.62100
   0.62663
   0.63297
   0.63962
   0.64573
   0.65166
   0.65711
   0.66162
   0.66607
   0.67060
   0.67626
   0.68181
   0.68585
   0.68765
   0.69287
   0.70083
   0.70716
   0.71280
   0.71857
   0.72388
   0.72984
   0.73621
   0.73928
   0.73909
   0.74319
   0.75047
   0.75350
   0.75206
   0.75419
   0.76268
   0.77017
   0.77374
   0.77561
   0.77795
   0.78122
   0.78360
   0.78312
   0.78225
   0.78336
   0.78240
   0.78255
   0.78864
   0.79157
   0.79028
   0.79219
   0.79663
   0.79874
   0.79988
   0.80285
   0.80759
   0.81046
   0.80927
   0.80685
   0.80516
   0.80389
   0.80401
   0.80599
   0.80754
   0.80781
   0.80846
   0.80877
   0.80687
   0.80431
   0.80471
   0.80611
   0.80574
   0.80429
   0.80277
   0.80221
   0.80138
   0.79992
   0.79849
   0.79825
   0.79704
   0.79287
   0.78950
   0.78785
   0.78835
   0.78899
   0.78629
   0.78096
   0.77703
   0.77554
   0.77392
   0.77417
   0.77527
   0.77497
   0.77348
   0.77152
   0.76718
   0.76075
   0.75780
   0.75826
   0.75696
   0.75407
   0.74993
   0.74441
   0.74039
   0.73971
   0.73869
   0.73783
   0.73723
   0.73444
   0.73139
   0.72895
   0.72759
   0.72532
   0.72321
   0.72022
   0.71743
   0.71586
   0.71438
   0.71400
   0.71386
   0.71379
   0.71018
   0.70763
   0.70706
   0.70499
   0.70119
   0.69739
   0.69340
   0.68731
   0.68341
   0.68077
   0.67748
   0.67369
   0.66924
   0.66611
   0.66263
   0.65870
   0.65558
   0.65378
   0.65109
   0.64838
   0.64654
   0.64124
   0.63602
   0.63347
   0.63115
   0.62788
   0.62506
   0.62115
   0.61636
   0.61377
   0.61246
   0.61117
   0.61000
   0.60883
   0.60533
   0.60080
   0.59653
   0.59312
   0.58964
   0.58456
   0.57866
   0.57234
   0.56854
   0.56632
   0.56371
   0.55899
   0.55542
   0.55408
   0.55265
   0.55047
   0.54576
   0.53992
   0.53756
   0.53719
   0.53310
   0.52931
   0.52930
   0.52694
   0.52157
   0.51785
   0.51489
   0.51057
   0.50536
   0.50131
   0.49891
   0.49712
   0.49304
   0.48802
   0.48390
   0.48145
   0.47970
   0.47718
   0.47384
   0.46834
   0.46456
   0.46342
   0.46143
   0.45612
   0.45283
   0.45040
   0.44673
   0.44011
   0.43487
   0.43315
   0.43124
   0.42847
   0.42489
   0.42051
   0.41651
   0.41681
   0.41583
   0.41278
   0.41057
   0.41033
   0.40658
   0.40073
   0.39600
   0.39216
   0.38923
   0.38843
   0.38657
   0.38156
   0.37766
   0.37619
   0.37531
   0.37055
   0.36519
   0.36287
   0.36353
   0.36221
   0.35929
   0.35596
   0.35512
   0.35666
   0.35581
   0.35401
   0.35126
   0.34660
   0.34193
   0.33854
   0.33443
   0.33017
   0.32845
   0.32611
   0.32289
   0.31833
   0.31477
   0.31381
   0.31337
   0.31122
   0.30712
   0.30339
   0.29949
   0.29695
   0.29475
   0.29291
   0.28957
   0.28563
   0.28121
   0.27670
   0.27456
   0.27357
   0.27005
   0.26465
   0.26199
   0.26130
   0.25941
   0.25796
   0.25597
   0.25052
   0.24467
   0.24292
   0.24253
   0.24114
   0.23980
   0.23943
   0.23960
   0.23757
   0.23583
   0.23514
   0.23329
   0.22997
   0.22782
   0.22529
   0.22139
   0.21737
   0.21330
   0.21093
   0.20983
   0.20740
   0.20274
   0.20069
   0.20071
   0.19680
   0.19343
   0.19346
   0.19149
   0.18750
   0.18606
   0.18311
   0.17639
   0.17172
   0.17012
   0.16974
   0.16822
   0.16405
   0.16001
   0.15914
   0.15967
   0.15727
   0.15199
   0.14720
   0.14389
   0.14224
   0.14001
   0.13733
   0.13460
   0.13382
   0.13372
   0.13022
   0.12547
   0.12240
   0.12152
   0.12014
   0.12089
   0.12272
   0.12243
   0.12162
   0.12015
   0.11702
   0.11365
   0.11193
   0.10959
   0.10794
   0.10616
   0.10291
   0.10082
   0.09936
   0.09739
   0.09580
   0.09392
   0.09064
   0.08951
   0.09027
   0.09075
   0.08905
   0.08588
   0.08341
   0.08266
   0.08159
   0.07926
   0.07753
   0.07729
   0.07629
   0.07545
   0.07566
   0.07591
   0.07561
   0.07478
   0.07294
   0.06903
   0.06565
   0.06303
   0.06087
   0.05751
   0.05549
   0.05297
   0.04934
   0.04687
   0.04596
   0.04286
   0.03986
   0.03875
   0.03660
   0.03459
   0.03376
   0.03337
   0.03337
   0.03478
   0.03628
   0.03578
   0.03511
   0.03671
   0.03750
   0.03545
   0.03155
   0.02857
   0.02841
   0.03074
   0.03037
   0.02715
   0.02408
   0.02248
   0.02141
   0.01976
   0.01806
   0.01806
   0.01901
   0.01631
   0.01285
   0.01257
   0.01259
   0.00909
   0.00911
   0.01210
   0.01064
   0.00755
   0.00756
   0.00961
   0.00851
   0.00471
   0.00110
   0.00055
   0.00150
   0.00183
   0.00103
  -0.00239
  -0.00650
  -0.00831
  -0.00630
  -0.00343
  -0.00336
  -0.00537
  -0.00696
  -0.00691
  -0.00672
  -0.00800
  -0.00995
  -0.01296
  -0.01567
  -0.01580
  -0.01387
  -0.01326
  -0.01499
  -0.01678
  -0.01736
  -0.01684
  -0.01669
  -0.01670
  -0.01558
  -0.01385
  -0.01279
  -0.01272
  -0.01013
  -0.00543
  -0.00188
  -0.00186
  -0.00440
  -0.00690
  -0.00695
  -0.00542
  -0.00795
  -0.01028
  -0.00921
  -0.00846
  -0.01168
  -0.01461
  -0.01599
  -0.01854
  -0.02028
  -0.01895
  -0.01563
  -0.01417
  -0.01464
  -0.01346
  -0.00973
  -0.00806
  -0.01042
  -0.01166
  -0.01182
  -0.01276
  -0.01244
  -0.01055
  -0.01131
  -0.01399
  -0.01515
  -0.01513
  -0.01402
  -0.01427
  -0.01478
  -0.01450
  -0.01467
  -0.01657
  -0.01865
  -0.02065
  -0.02307
  -0.02251
  -0.02227
  -0.02577
  -0.02949
  -0.03011
  -0.03082
  -0.03351
  -0.03180
  -0.02845
  -0.02876
  -0.03179
  -0.03160
  -0.02706
  -0.02252
  -0.02073
  -0.02188
  -0.02363
  -0.02688
  -0.02859
  -0.02473
  -0.02026
  -0.01864
  -0.01746
  -0.01675
  -0.01908
  -0.02179
  -0.02110
  -0.02013
  -0.01929
  -0.01934
  -0.01907
  -0.01784
  -0.01926
  -0.02149
  -0.02132
  -0.01919
  -0.01966
  -0.01991
  -0.02059
  -0.02301
  -0.02639
  -0.03018
  -0.03114
  -0.02906
  -0.02626
  -0.02486
  -0.02447
  -0.02412
  -0.02281
  -0.01845
  -0.01435
  -0.01406
  -0.01647
  -0.01840
  -0.02016
  -0.02193
  -0.02269
  -0.02530
  -0.02524
  -0.02223
  -0.02138
  -0.02241
  -0.01895
  -0.01644
  -0.01870
  -0.02004
  -0.01825
  -0.01543
  -0.01252
  -0.01139
  -0.01317
  -0.01370
  -0.01172
  -0.01067
  -0.01069
  -0.01140
  -0.01123
  -0.00986
  -0.00840
  -0.00874
  -0.01138
  -0.01404
  -0.01495
  -0.01428
  -0.01571
  -0.01931
  -0.02172
  -0.02119
  -0.02085
  -0.02092
  -0.01948
  -0.01959
  -0.02191
  -0.02227
  -0.02104
  -0.02252
  -0.02267
  -0.01924
  -0.01780
  -0.02126
  -0.02236
  -0.01894
  -0.01695
  -0.01759
  -0.01698
  -0.01384
  -0.01458
  -0.01733
  -0.01757
  -0.01544
  -0.01543
  -0.01657
  -0.01834
  -0.01919
  -0.01725
  -0.01622
  -0.01620
  -0.01575
  -0.01651
  -0.01830
  -0.01892
  -0.01933
  -0.02140
  -0.02347
  -0.02496
  -0.02517
  -0.02281
  -0.02067
  -0.02102
  -0.02094
  -0.01824
  -0.01878
  -0.01551
   0.00996
   0.04643
   0.06568
   0.06585
   0.06265
   0.06188
   0.06129
   0.05927
   0.05549
   0.05339
   0.05178
   0.04770
   0.04349
   0.04300
   0.04307
   0.04084
   0.03901
   0.03777
   0.03627
   0.03446
   0.03330
   0.03191
   0.03159
   0.02963
   0.02746
   0.02629
   0.02553
   0.02472
   0.02441
   0.02379
   0.02366
   0.02489
   0.02413
   0.02056
   0.01931
   0.02235
   0.02191
   0.02038
   0.02154
   0.02252
   0.02020
   0.01902
   0.02003
   0.01857
   0.01468
   0.01254
   0.01235
   0.01367
   0.01601
   0.01677
   0.01508
   0.01366
   0.01135
   0.00808
   0.00940
   0.01092
   0.00900
   0.00718
   0.00800
   0.00742
   0.00503
   0.00512
   0.00619
   0.00433
   0.00046
  -0.00121
   0.00015
   0.00095
   0.00043
  -0.00068
  -0.00311
  -0.00523
  -0.00634
  -0.00406
  -0.00170
  -0.00117
  -0.00263
  -0.00283
  -0.00156
  -0.00167
  -0.00198
  -0.00343
  -0.00569
  -0.00847
  -0.00874
  -0.00775
  -0.00815
  -0.00872
  -0.00928
  -0.01012
  -0.01161
  -0.01342
  -0.01415
  -0.01446
  -0.01468
  -0.01226
  -0.00809
  -0.00641
  -0.00934
  -0.01158
  -0.01166
  -0.01358
  -0.01843
  -0.02098
  -0.02078
  -0.02302
  -0.02390
  -0.02112
  -0.01983
  -0.02249
  -0.02544
  -0.02792
  -0.02985
  -0.03168
  -0.03222
  -0.03120
  -0.03049
  -0.03246
  -0.03334
  -0.03203
  -0.03220
  -0.03153
  -0.03429
  -0.02871
  -0.01107
