   0.07163
   0.08694
   0.09694
   0.15775
   0.21107
   0.28831
   0.39214
   0.47852
   0.56713
   0.72603
   0.99444
   1.36366
   1.85718
   2.51208
   3.36797
   4.39184
   5.65870
   7.08787
   9.04181
  10.18174
   9.36081
   7.72496
   6.75964
   6.11945
   5.74231
   5.50183
   5.35475
   5.19200
   4.99836
   4.81949
   4.66432
   4.49445
   4.28081
   4.04462
   3.82911
   3.60050
   3.36352
   3.13778
   2.93094
   2.70582
   2.48826
   2.30505
   2.16748
   2.01889
   1.85383
   1.67795
   1.50275
   1.33576
   1.19829
   1.06256
   0.92377
   0.79080
   0.65378
   0.50807
   0.36654
   0.23339
   0.10621
  -0.01890
  -0.14341
  -0.25384
  -0.34663
  -0.42667
  -0.52006
  -0.62571
  -0.70704
  -0.78407
  -0.88221
  -0.99282
  -1.08530
  -1.15298
  -1.20288
  -1.25181
  -1.30038
  -1.36676
  -1.44175
  -1.52390
  -1.59941
  -1.64901
  -1.68528
  -1.73878
  -1.79207
  -1.84792
  -1.90905
  -1.95741
  -1.97371
  -1.97588
  -1.98673
  -2.01137
  -2.03923
  -2.08000
  -2.13882
  -2.19265
  -2.21366
  -2.22309
  -2.22571
  -2.23816
  -2.25022
  -2.25435
  -2.25369
  -2.26814
  -2.28226
  -2.29964
  -2.30962
  -2.31346
  -2.31559
  -2.31769
  -2.32198
  -2.34310
  -2.37149
  -2.38266
  -2.37540
  -2.36244
  -2.36029
  -2.35973
  -2.36166
  -2.35193
  -2.33220
  -2.31528
  -2.31157
  -2.29481
  -2.26286
  -2.25164
  -2.26860
  -2.26721
  -2.23917
  -2.21355
  -2.17562
  -2.15090
  -2.13386
  -2.12600
  -2.13105
  -2.14972
  -2.13876
  -2.10918
  -2.08145
  -2.06587
  -2.05513
  -2.03787
  -2.01501
  -2.00308
  -1.98369
  -1.94785
  -1.91073
  -1.89427
  -1.89207
  -1.88486
  -1.86550
  -1.84955
  -1.84231
  -1.82819
  -1.79099
  -1.74711
  -1.71765
  -1.68163
  -1.64495
  -1.63404
  -1.64418
  -1.63807
  -1.61490
  -1.58983
  -1.58118
  -1.56828
  -1.53836
  -1.50909
  -1.48023
  -1.44356
  -1.42915
  -1.40255
  -1.36232
  -1.33643
  -1.33646
  -1.33366
  -1.34070
  -1.34008
  -1.32376
  -1.28728
  -1.25867
  -1.23763
  -1.21276
  -1.17691
  -1.14225
  -1.10653
  -1.06750
  -1.04301
  -1.03927
  -1.03981
  -1.02109
  -0.99161
  -0.96742
  -0.96100
  -0.94669
  -0.91908
  -0.89410
  -0.88798
  -0.87419
  -0.83568
  -0.80209
  -0.79045
  -0.78382
  -0.76901
  -0.76056
  -0.75769
  -0.75565
  -0.72419
  -0.67673
  -0.64815
  -0.63034
  -0.61419
  -0.59409
  -0.57087
  -0.54697
  -0.54294
  -0.53968
  -0.52291
  -0.48821
  -0.46517
  -0.44337
  -0.43644
  -0.44787
  -0.45121
  -0.43492
  -0.42009
  -0.38771
  -0.34233
  -0.30919
  -0.29717
  -0.28889
  -0.29008
  -0.29196
  -0.28833
  -0.26603
  -0.24483
  -0.24108
  -0.24446
  -0.22559
  -0.20906
  -0.18688
  -0.15406
  -0.14015
  -0.13688
  -0.11998
  -0.10445
  -0.07651
  -0.05199
  -0.06234
  -0.06159
  -0.04828
  -0.05249
  -0.06176
  -0.05694
  -0.05231
  -0.04114
  -0.01140
   0.01095
   0.02364
   0.04904
   0.06602
   0.06482
   0.07538
   0.08580
   0.09274
   0.09853
   0.10363
   0.12652
   0.15039
   0.16253
   0.16995
   0.18811
   0.19390
   0.18128
   0.17343
   0.19200
   0.19471
   0.19895
   0.22421
   0.24798
   0.24721
   0.24092
   0.23161
   0.22343
   0.22553
   0.22636
   0.21808
   0.22078
   0.24696
   0.26967
   0.28786
   0.29657
   0.29941
   0.29604
   0.30451
   0.31944
   0.33652
   0.34621
   0.34755
   0.33196
   0.31458
   0.30693
   0.32965
   0.35512
   0.36038
   0.35103
   0.35700
   0.36721
   0.36897
   0.36887
   0.37304
   0.36458
   0.36683
   0.38174
   0.37557
   0.36745
   0.37856
   0.39017
   0.39571
   0.40669
   0.41808
   0.43544
   0.43237
   0.39950
   0.36957
   0.36495
   0.37416
   0.39029
   0.41093
   0.44236
   0.46373
   0.46008
   0.43997
   0.42208
   0.40637
   0.38669
   0.38571
   0.42119
   0.46317
   0.47671
   0.45862
   0.43818
   0.41644
   0.40881
   0.42417
   0.43822
   0.42960
   0.42821
   0.44915
   0.47231
   0.47249
   0.46140
   0.45137
   0.42579
   0.41705
   0.44136
   0.46886
   0.45502
   0.44573
   0.45151
   0.45056
   0.43060
   0.42707
   0.42447
   0.42310
   0.41247
   0.42493
   0.44415
   0.44193
   0.41757
   0.42135
   0.42727
   0.42918
   0.41858
   0.41137
   0.41814
   0.44565
   0.46075
   0.45700
   0.44851
   0.43999
   0.42776
   0.42052
   0.42065
   0.42104
   0.41948
   0.41910
   0.43136
   0.44116
   0.43403
   0.44125
   0.45152
   0.44200
   0.44159
   0.45792
   0.45327
   0.42675
   0.40049
   0.38532
   0.38563
   0.39192
   0.40430
   0.41435
   0.42213
   0.43518
   0.42904
   0.41112
   0.39513
   0.38911
   0.39050
   0.40546
   0.41088
   0.40499
   0.39478
   0.41043
   0.42589
   0.42115
   0.41343
   0.39680
   0.37497
   0.35131
   0.33685
   0.34677
   0.37568
   0.39571
   0.41141
   0.43109
   0.43272
   0.41004
   0.40417
   0.40584
   0.39391
   0.38946
   0.38115
   0.34925
   0.33387
   0.35223
   0.36938
   0.36109
   0.35861
   0.35882
   0.36128
   0.37061
   0.35992
   0.31643
   0.30375
   0.32772
   0.34917
   0.34749
   0.34261
   0.33963
   0.33947
   0.33393
   0.33616
   0.32964
   0.31826
   0.31507
   0.32647
   0.34984
   0.35485
   0.33875
   0.32674
   0.32855
   0.32670
   0.30711
   0.26101
   0.24008
   0.26041
   0.28571
   0.28658
   0.28006
   0.28927
   0.29763
   0.30625
   0.31047
   0.31445
   0.30363
   0.27992
   0.26245
   0.26564
   0.26435
   0.25769
   0.25559
   0.25867
   0.26725
   0.27478
   0.28167
   0.28179
   0.27681
   0.28247
   0.28908
   0.27745
   0.25571
   0.23796
   0.24233
   0.24534
   0.22542
   0.21860
   0.24656
   0.25821
   0.24605
   0.22438
   0.21328
   0.21082
   0.20876
   0.20155
   0.19909
   0.20311
   0.21268
   0.23214
   0.24242
   0.24107
   0.23091
   0.22802
   0.22353
   0.21422
   0.20208
   0.20112
   0.20095
   0.18916
   0.16223
   0.15429
   0.19386
   0.22546
   0.23088
   0.23024
   0.21573
   0.19809
   0.18949
   0.17834
   0.17692
   0.18580
   0.18977
   0.19467
   0.19303
   0.17876
   0.15164
   0.11770
   0.11658
   0.15222
   0.16486
   0.14516
   0.14765
   0.15879
   0.17094
   0.19431
   0.20072
   0.17049
   0.14282
   0.13379
   0.12729
   0.11855
   0.12146
   0.14098
   0.14801
   0.14113
   0.13127
   0.13325
   0.14248
   0.13988
   0.11969
   0.12763
   0.14401
   0.13121
   0.12487
   0.13133
   0.12421
   0.11770
   0.11404
   0.10324
   0.10090
   0.08118
   0.05750
   0.06413
   0.08809
   0.10462
   0.11109
   0.09432
   0.08490
   0.10042
   0.10916
   0.10041
   0.09564
   0.08557
   0.06258
   0.04016
   0.04036
   0.05184
   0.05225
   0.04792
   0.05316
   0.06985
   0.08177
   0.07457
   0.06264
   0.06170
   0.07158
   0.07524
   0.08106
   0.09213
   0.09513
   0.07939
   0.06988
   0.06184
   0.04071
   0.01423
   0.03289
   0.05752
   0.05304
   0.04580
   0.05097
   0.06785
   0.09935
   0.08832
   0.05234
   0.03447
   0.02375
   0.00669
   0.00321
   0.01246
   0.02718
   0.03740
   0.04196
   0.03681
   0.02806
   0.03047
   0.02871
   0.01239
   0.01129
   0.04232
   0.07646
   0.09190
   0.08106
   0.02871
  -0.00853
   0.01320
   0.04363
   0.02605
  -0.00493
  -0.02333
  -0.02514
  -0.01366
   0.00063
  -0.00475
  -0.01572
  -0.00898
   0.01707
   0.02730
   0.03138
   0.02951
   0.01621
   0.00550
   0.00575
   0.00698
   0.01719
   0.01751
   0.01227
   0.00670
  -0.00396
  -0.00420
   0.01038
   0.01348
   0.01427
   0.00613
  -0.00902
  -0.00831
   0.00507
  -0.00218
  -0.00877
  -0.00990
  -0.00487
  -0.01057
  -0.00650
   0.00125
  -0.00462
  -0.00394
   0.02260
   0.02671
   0.00880
  -0.01535
  -0.02583
  -0.00843
   0.00373
   0.00455
   0.00386
  -0.02770
  -0.06032
  -0.04754
  -0.03092
  -0.02711
  -0.01981
  -0.00737
   0.00481
   0.01389
   0.02873
   0.04582
   0.02153
  -0.02357
  -0.04671
  -0.04125
  -0.03239
  -0.02913
  -0.01842
  -0.01456
  -0.01524
  -0.00738
  -0.02080
  -0.04729
  -0.03792
  -0.01654
  -0.01923
  -0.02268
  -0.02633
  -0.02194
  -0.01018
  -0.01712
  -0.05039
  -0.03980
  -0.00853
  -0.00695
  -0.01101
  -0.01357
  -0.02478
  -0.02938
  -0.02411
  -0.00810
   0.00297
  -0.01177
  -0.03303
  -0.02937
  -0.02074
  -0.02960
  -0.03591
  -0.03355
  -0.04809
  -0.05450
  -0.03637
  -0.02840
  -0.04290
  -0.04758
  -0.03888
  -0.04536
  -0.05432
  -0.05949
  -0.06491
  -0.05722
  -0.05186
  -0.05182
  -0.04451
  -0.05321
  -0.06901
  -0.06770
  -0.04797
  -0.04249
  -0.03986
  -0.03953
  -0.04677
  -0.05040
  -0.02835
  -0.03107
  -0.05114
  -0.07943
  -0.09364
  -0.07791
  -0.06982
  -0.09151
  -0.08376
  -0.04765
  -0.02609
  -0.01090
  -0.00722
  -0.01608
  -0.02483
  -0.04301
  -0.06530
  -0.06103
  -0.04583
  -0.03237
  -0.01574
  -0.01717
  -0.03518
  -0.05746
  -0.07401
  -0.07696
  -0.05983
  -0.04020
  -0.05772
  -0.08484
  -0.09462
  -0.08439
  -0.06045
  -0.03664
  -0.05212
  -0.06142
  -0.04415
  -0.02039
  -0.00834
  -0.01458
  -0.03320
  -0.06264
  -0.07911
  -0.07015
  -0.05862
  -0.06453
  -0.06323
  -0.05832
  -0.05763
  -0.06108
  -0.06748
  -0.07497
  -0.06518
  -0.04127
  -0.03259
  -0.04674
  -0.05376
  -0.05573
  -0.04804
  -0.02594
  -0.01989
  -0.05084
  -0.06184
  -0.05900
  -0.08274
  -0.10714
  -0.10177
  -0.08715
  -0.06665
  -0.06380
  -0.06923
  -0.06750
  -0.05067
  -0.04259
  -0.04575
  -0.05932
  -0.06261
  -0.06678
  -0.05931
  -0.05395
  -0.05735
  -0.06747
  -0.07292
  -0.06993
  -0.06611
  -0.06946
  -0.06609
  -0.05266
  -0.03912
  -0.03632
  -0.04164
  -0.06350
  -0.08100
  -0.08698
  -0.07985
  -0.06352
  -0.04608
  -0.05068
  -0.04566
  -0.04364
  -0.05368
  -0.05780
  -0.05237
  -0.05320
  -0.06948
  -0.08845
  -0.09245
  -0.08773
  -0.09122
  -0.09439
  -0.08862
  -0.08724
  -0.09614
  -0.07898
  -0.05993
  -0.06496
  -0.08180
  -0.09158
  -0.07253
  -0.03442
  -0.02337
  -0.03823
  -0.04750
  -0.03182
  -0.01124
  -0.03233
  -0.07786
  -0.09544
  -0.08753
  -0.08982
  -0.10449
  -0.09608
  -0.07552
  -0.05471
  -0.04627
  -0.03300
  -0.03363
  -0.03010
  -0.03097
  -0.03138
  -0.03905
  -0.03450
  -0.03466
  -0.03826
  -0.06906
  -0.08916
  -0.08340
  -0.08010
  -0.08862
  -0.09041
  -0.09266
  -0.08001
  -0.06858
  -0.07009
  -0.07121
  -0.06676
  -0.06588
  -0.04918
  -0.04846
  -0.05814
  -0.06209
  -0.07698
  -0.09599
  -0.09177
  -0.09299
  -0.07867
  -0.06290
  -0.06070
  -0.05630
  -0.06551
  -0.08937
  -0.10222
  -0.09906
  -0.10129
  -0.11454
  -0.11184
  -0.08161
  -0.07023
  -0.07292
  -0.07315
  -0.06941
  -0.06768
  -0.05843
  -0.03688
  -0.03578
  -0.06576
  -0.08322
  -0.07540
  -0.07281
  -0.07638
  -0.07139
  -0.06237
  -0.05427
  -0.04972
  -0.03875
  -0.03082
  -0.04141
  -0.05542
  -0.04903
  -0.04945
  -0.05365
  -0.06064
  -0.05088
  -0.01748
   0.00215
  -0.01757
  -0.02305
  -0.01451
  -0.00798
  -0.00016
  -0.00234
  -0.01791
  -0.02353
  -0.02153
  -0.02708
  -0.03192
  -0.02671
  -0.01575
  -0.01351
  -0.01286
  -0.01083
  -0.01437
  -0.01047
  -0.00433
   0.00448
   0.01063
   0.00293
  -0.02037
  -0.03529
  -0.02507
   0.00506
   0.01555
   0.02891
   0.05411
   0.06026
   0.04437
   0.04622
   0.06738
   0.07204
   0.05441
   0.03056
   0.01366
   0.00953
   0.03331
   0.06243
   0.07989
   0.06974
   0.05315
   0.03946
   0.04043
   0.05906
   0.07829
   0.08456
   0.07848
   0.06358
   0.04047
   0.02256
   0.02109
   0.04061
   0.06321
   0.07422
   0.06908
   0.07469
   0.10398
   0.13936
   0.13569
   0.10433
   0.10082
   0.13688
   0.09506
