   0.33233
   0.52653
   0.62536
   0.89642
   1.28118
   1.86891
   2.69197
   3.74808
   4.92376
   6.14294
   7.33503
   8.82684
   9.87513
   9.75012
   9.29400
   9.03124
   8.38586
   7.64862
   7.10483
   6.66968
   6.33242
   6.03753
   5.76978
   5.52490
   5.28733
   5.05443
   4.80271
   4.55624
   4.32277
   4.07610
   3.81028
   3.56336
   3.31605
   3.06465
   2.82142
   2.59051
   2.37855
   2.19424
   1.99840
   1.79952
   1.62132
   1.45588
   1.27271
   1.08829
   0.90604
   0.74128
   0.58762
   0.45603
   0.32902
   0.18909
   0.04594
  -0.08119
  -0.20745
  -0.33791
  -0.46491
  -0.58106
  -0.68514
  -0.78981
  -0.87906
  -0.95987
  -1.05793
  -1.16439
  -1.25460
  -1.33103
  -1.39731
  -1.47316
  -1.56329
  -1.62967
  -1.68117
  -1.75422
  -1.82862
  -1.88879
  -1.92583
  -1.95031
  -1.99412
  -2.06317
  -2.12055
  -2.16618
  -2.20014
  -2.22679
  -2.25423
  -2.28256
  -2.30916
  -2.33839
  -2.36558
  -2.39849
  -2.41868
  -2.41897
  -2.43076
  -2.45289
  -2.47623
  -2.50248
  -2.51733
  -2.52683
  -2.53371
  -2.52545
  -2.52464
  -2.52975
  -2.53031
  -2.52961
  -2.51678
  -2.49465
  -2.49512
  -2.50660
  -2.50750
  -2.50225
  -2.50302
  -2.50193
  -2.49288
  -2.47982
  -2.48099
  -2.48356
  -2.48196
  -2.48020
  -2.47849
  -2.46254
  -2.43051
  -2.40272
  -2.38264
  -2.36174
  -2.34013
  -2.32424
  -2.29854
  -2.27421
  -2.26308
  -2.26149
  -2.26081
  -2.24835
  -2.22143
  -2.20016
  -2.18136
  -2.14661
  -2.12096
  -2.10585
  -2.09273
  -2.07790
  -2.05956
  -2.04158
  -2.02555
  -1.99372
  -1.95101
  -1.90226
  -1.86175
  -1.84386
  -1.84284
  -1.84041
  -1.82580
  -1.79514
  -1.76720
  -1.73835
  -1.70931
  -1.68481
  -1.67049
  -1.64259
  -1.60247
  -1.56752
  -1.54393
  -1.51338
  -1.49190
  -1.47502
  -1.45159
  -1.42783
  -1.41677
  -1.40168
  -1.36978
  -1.32451
  -1.30897
  -1.30531
  -1.28254
  -1.25771
  -1.24032
  -1.21444
  -1.18650
  -1.17131
  -1.15928
  -1.14902
  -1.13034
  -1.10100
  -1.07137
  -1.03964
  -1.00339
  -0.97477
  -0.94971
  -0.93423
  -0.93872
  -0.93982
  -0.93721
  -0.91617
  -0.87972
  -0.84996
  -0.83458
  -0.80970
  -0.77483
  -0.74413
  -0.73280
  -0.72096
  -0.70385
  -0.69083
  -0.67406
  -0.65152
  -0.64217
  -0.62582
  -0.58482
  -0.54835
  -0.53051
  -0.52625
  -0.51790
  -0.48943
  -0.46357
  -0.45170
  -0.43931
  -0.42299
  -0.39704
  -0.37341
  -0.35896
  -0.34794
  -0.33244
  -0.31554
  -0.30373
  -0.30324
  -0.28898
  -0.26194
  -0.24485
  -0.23388
  -0.21802
  -0.20097
  -0.18335
  -0.17411
  -0.17199
  -0.14661
  -0.11374
  -0.10624
  -0.10616
  -0.10217
  -0.09753
  -0.07644
  -0.05470
  -0.04394
  -0.02587
  -0.00579
  -0.00101
   0.01288
   0.03403
   0.03904
   0.03336
   0.04756
   0.07053
   0.07741
   0.08193
   0.10310
   0.12586
   0.14069
   0.14265
   0.14824
   0.15510
   0.15621
   0.16255
   0.17842
   0.19856
   0.21612
   0.20998
   0.20294
   0.21696
   0.22781
   0.23513
   0.25438
   0.27731
   0.29332
   0.29011
   0.28833
   0.28476
   0.27909
   0.28150
   0.30314
   0.32084
   0.32625
   0.32758
   0.33353
   0.34445
   0.35152
   0.35961
   0.36178
   0.36250
   0.37014
   0.39030
   0.38949
   0.37630
   0.38168
   0.39996
   0.40744
   0.41464
   0.42366
   0.43124
   0.43161
   0.43436
   0.43496
   0.43710
   0.44610
   0.45712
   0.45117
   0.44196
   0.44481
   0.45857
   0.46730
   0.46078
   0.45339
   0.45392
   0.46236
   0.46747
   0.46999
   0.47152
   0.47944
   0.48929
   0.48620
   0.47286
   0.48256
   0.49718
   0.49603
   0.49071
   0.49180
   0.49462
   0.49365
   0.48568
   0.48375
   0.49656
   0.52376
   0.53931
   0.54525
   0.54546
   0.54038
   0.53432
   0.52845
   0.51088
   0.50074
   0.49346
   0.50409
   0.52481
   0.53094
   0.52556
   0.52796
   0.53413
   0.53384
   0.52342
   0.50407
   0.50047
   0.51883
   0.53444
   0.53482
   0.53968
   0.54990
   0.55408
   0.55236
   0.53963
   0.53401
   0.54107
   0.55359
   0.54975
   0.54430
   0.53207
   0.52886
   0.52831
   0.51880
   0.51457
   0.52487
   0.52445
   0.52005
   0.53051
   0.53626
   0.53273
   0.53012
   0.54341
   0.55842
   0.55888
   0.54456
   0.53861
   0.53186
   0.51814
   0.50820
   0.51383
   0.50815
   0.50958
   0.52336
   0.52209
   0.49399
   0.48717
   0.50669
   0.53389
   0.54692
   0.53090
   0.51146
   0.51399
   0.51784
   0.50768
   0.50515
   0.49636
   0.48453
   0.48085
   0.48456
   0.48408
   0.48543
   0.49441
   0.51911
   0.53066
   0.52467
   0.50701
   0.47744
   0.44488
   0.44972
   0.47295
   0.48061
   0.46607
   0.45775
   0.45688
   0.45800
   0.46159
   0.47037
   0.48303
   0.49697
   0.48629
   0.47566
   0.48117
   0.46962
   0.45712
   0.46743
   0.46889
   0.45784
   0.44044
   0.42702
   0.42578
   0.42485
   0.42835
   0.44259
   0.45373
   0.46079
   0.45942
   0.44301
   0.42770
   0.41949
   0.41575
   0.40833
   0.40903
   0.42205
   0.42426
   0.41452
   0.41224
   0.40566
   0.39573
   0.39110
   0.38060
   0.36320
   0.35820
   0.36930
   0.37901
   0.38332
   0.38836
   0.39113
   0.38643
   0.37532
   0.37394
   0.37948
   0.36836
   0.34535
   0.34449
   0.35900
   0.36991
   0.37247
   0.36327
   0.35325
   0.35390
   0.34716
   0.34064
   0.34327
   0.32839
   0.31116
   0.30510
   0.30303
   0.29907
   0.30495
   0.30736
   0.30355
   0.30367
   0.30576
   0.31312
   0.32645
   0.33820
   0.33777
   0.33044
   0.30856
   0.30101
   0.30837
   0.31709
   0.31146
   0.30698
   0.29963
   0.29354
   0.29286
   0.29961
   0.30928
   0.30701
   0.28389
   0.26733
   0.27168
   0.28977
   0.30338
   0.29411
   0.29240
   0.29400
   0.27901
   0.27438
   0.27650
   0.25757
   0.24285
   0.24522
   0.24562
   0.24216
   0.25023
   0.26220
   0.26339
   0.25726
   0.25276
   0.24723
   0.23710
   0.22593
   0.21535
   0.21287
   0.22130
   0.23165
   0.24511
   0.26252
   0.25833
   0.24442
   0.23508
   0.22797
   0.22723
   0.23077
   0.22414
   0.21287
   0.20705
   0.21285
   0.22484
   0.21527
   0.18555
   0.17825
   0.19123
   0.19130
   0.19265
   0.19522
   0.18809
   0.17636
   0.15825
   0.15534
   0.17645
   0.18726
   0.18170
   0.16962
   0.16497
   0.17681
   0.18519
   0.17976
   0.16336
   0.15162
   0.15363
   0.16042
   0.15809
   0.15674
   0.16375
   0.16331
   0.15557
   0.15457
   0.14883
   0.14414
   0.15013
   0.15428
   0.14617
   0.13435
   0.13020
   0.13039
   0.13482
   0.14819
   0.14955
   0.14511
   0.14969
   0.15091
   0.13617
   0.12154
   0.10514
   0.08969
   0.09581
   0.11914
   0.13463
   0.13349
   0.13163
   0.13278
   0.12114
   0.10950
   0.10899
   0.09356
   0.07869
   0.08368
   0.09233
   0.09797
   0.10439
   0.10810
   0.10231
   0.09562
   0.09393
   0.08632
   0.08856
   0.09767
   0.09946
   0.09441
   0.09713
   0.08806
   0.08512
   0.08797
   0.08666
   0.08198
   0.09109
   0.09414
   0.09186
   0.09330
   0.08833
   0.07445
   0.05754
   0.05494
   0.05954
   0.06571
   0.06432
   0.05870
   0.05202
   0.04659
   0.04142
   0.05271
   0.06560
   0.05819
   0.05225
   0.06432
   0.08446
   0.08719
   0.06940
   0.04971
   0.04169
   0.04733
   0.05796
   0.05908
   0.05014
   0.03424
   0.03266
   0.04078
   0.03936
   0.04070
   0.04034
   0.02693
   0.02163
   0.01865
   0.01493
   0.01533
   0.02141
   0.03118
   0.03236
   0.03562
   0.03821
   0.02449
   0.01789
   0.03012
   0.03211
   0.02893
   0.01957
   0.01253
   0.01774
   0.03022
   0.04532
   0.04057
   0.02149
   0.01762
   0.01950
   0.01781
   0.02926
   0.03676
   0.03829
   0.03820
   0.01754
  -0.00240
   0.00309
   0.01588
   0.01403
   0.00643
  -0.00175
   0.00058
   0.02392
   0.03309
   0.02447
   0.02022
   0.02960
   0.03083
   0.03438
   0.02869
   0.02251
   0.01791
   0.02012
   0.01804
   0.01394
   0.00898
   0.00344
  -0.01410
  -0.02344
  -0.01930
  -0.01316
   0.00446
   0.02187
   0.01691
   0.01836
   0.01885
   0.00476
   0.00260
   0.00926
   0.00659
   0.00994
   0.01208
   0.00540
  -0.00098
   0.00791
   0.01662
   0.02516
   0.03455
   0.03825
   0.02156
   0.01822
   0.02094
   0.01767
   0.01758
   0.01849
   0.00566
  -0.01389
  -0.02411
  -0.02106
  -0.00823
   0.00298
   0.01643
   0.01533
   0.00406
  -0.00429
   0.00102
  -0.00054
  -0.00735
  -0.01603
  -0.01430
  -0.00981
  -0.00209
  -0.00255
  -0.00821
  -0.01519
  -0.01279
  -0.02284
  -0.03268
  -0.03405
  -0.02101
  -0.01399
  -0.00984
  -0.00169
  -0.00028
  -0.01347
  -0.01839
  -0.02517
  -0.02649
  -0.01510
  -0.00282
  -0.00191
   0.00786
   0.01982
   0.00827
  -0.01168
  -0.01627
  -0.01403
  -0.00644
   0.00284
   0.00059
   0.00029
  -0.00169
  -0.00436
  -0.00453
  -0.00696
  -0.00880
   0.00413
   0.00360
  -0.00760
  -0.00791
  -0.00265
   0.00199
   0.01318
   0.01326
  -0.00290
  -0.00767
  -0.00265
  -0.01435
  -0.01981
  -0.01016
  -0.01565
  -0.01874
   0.00238
   0.01506
   0.00497
  -0.00629
  -0.00509
  -0.00363
   0.00284
   0.01765
   0.01957
   0.00521
   0.00871
   0.01748
   0.01357
   0.01210
   0.00970
  -0.01131
  -0.02424
  -0.02323
  -0.02293
  -0.02110
  -0.02283
  -0.01755
   0.00000
   0.00459
  -0.01586
  -0.01335
  -0.00948
  -0.01691
  -0.01847
  -0.00867
  -0.00929
   0.00209
   0.00615
  -0.00512
  -0.01938
  -0.03444
  -0.05214
  -0.04726
  -0.02413
  -0.01135
  -0.01647
  -0.01461
  -0.00577
  -0.00293
  -0.00926
  -0.01420
  -0.01479
  -0.01842
  -0.02540
  -0.01514
  -0.00484
  -0.01010
  -0.02129
  -0.02585
  -0.02148
  -0.01560
  -0.00935
  -0.00560
  -0.00707
  -0.01344
  -0.02004
  -0.03058
  -0.02475
  -0.01369
  -0.00366
  -0.00727
  -0.01387
  -0.01837
  -0.00568
   0.00575
   0.00380
  -0.00236
  -0.00557
  -0.01582
  -0.01951
  -0.00533
   0.00183
   0.00356
   0.00403
   0.00559
   0.00577
   0.00996
   0.01312
   0.00555
  -0.00412
  -0.01781
  -0.02495
  -0.02203
  -0.00966
   0.00010
   0.00895
   0.00803
   0.01361
   0.01279
   0.01413
   0.00789
  -0.01589
  -0.03826
  -0.03472
  -0.02908
  -0.02649
  -0.02928
  -0.02967
  -0.03515
  -0.03861
  -0.03475
  -0.02467
  -0.01839
  -0.02462
  -0.02826
  -0.01392
  -0.00081
  -0.00372
  -0.00834
  -0.00979
  -0.01621
  -0.02400
  -0.02643
  -0.02609
  -0.03920
  -0.05040
  -0.05495
  -0.05024
  -0.03615
  -0.02709
  -0.03084
  -0.01759
   0.01378
   0.02835
   0.03013
   0.02707
   0.01296
  -0.00882
  -0.01996
  -0.02615
  -0.01944
  -0.00821
  -0.00747
  -0.01437
  -0.01824
  -0.01263
  -0.00858
  -0.01617
  -0.01447
   0.00518
   0.01626
   0.00906
   0.01908
   0.03791
   0.03280
   0.00423
  -0.01023
  -0.01424
  -0.00196
   0.00506
   0.00799
   0.01574
   0.02635
   0.02466
   0.02695
   0.04080
   0.05910
   0.06998
   0.06513
   0.06543
   0.06322
   0.04582
   0.03477
   0.04152
   0.05108
   0.05359
   0.04921
   0.05703
   0.05962
   0.04973
   0.04620
   0.05253
   0.06343
   0.08839
   0.09729
   0.11043
   0.12084
   0.10044
   0.07425
   0.07279
   0.07601
   0.08700
   0.09005
   0.08435
   0.08280
   0.07507
   0.07971
   0.09031
   0.07742
   0.06992
   0.08270
   0.08936
   0.10226
   0.11657
   0.12066
   0.12377
   0.12569
   0.11671
   0.10468
   0.09807
   0.09681
   0.10676
   0.12621
   0.14129
   0.13137
   0.11061
   0.11446
   0.14063
   0.16285
   0.16974
   0.17907
   0.17442
   0.15241
   0.13688
   0.14453
   0.16552
   0.20638
   0.20509
   0.30617
   0.26985
