   0.10150
   0.15111
   0.14808
   0.17275
   0.18840
   0.25166
   0.36586
   0.47310
   0.61328
   0.89421
   1.33163
   1.93141
   2.73973
   3.81722
   5.15095
   6.56046
   7.97105
   9.35022
  11.25044
  12.39731
  11.58535
  10.01784
   9.15086
   8.48820
   7.95476
   7.49549
   7.14424
   6.84547
   6.52635
   6.21355
   5.98363
   5.77111
   5.48561
   5.16287
   4.87844
   4.61640
   4.32653
   4.01176
   3.74252
   3.50154
   3.24405
   2.98350
   2.74710
   2.51958
   2.28352
   2.04063
   1.82786
   1.64360
   1.45953
   1.27122
   1.07557
   0.88575
   0.69277
   0.49156
   0.31593
   0.16793
   0.01577
  -0.13067
  -0.26935
  -0.40490
  -0.53184
  -0.65439
  -0.77851
  -0.90226
  -1.02224
  -1.13719
  -1.24860
  -1.36404
  -1.47399
  -1.56947
  -1.65423
  -1.73829
  -1.81190
  -1.90506
  -2.00794
  -2.07945
  -2.12348
  -2.17804
  -2.23305
  -2.28502
  -2.34145
  -2.41116
  -2.48413
  -2.53161
  -2.55762
  -2.59031
  -2.63347
  -2.68671
  -2.72476
  -2.75581
  -2.79368
  -2.83231
  -2.84522
  -2.85322
  -2.86122
  -2.87650
  -2.89524
  -2.91319
  -2.93359
  -2.96336
  -2.98559
  -2.99445
  -3.00978
  -3.01722
  -3.01697
  -3.02628
  -3.03938
  -3.02899
  -3.01151
  -3.00685
  -2.99352
  -2.96197
  -2.95562
  -2.96930
  -2.96564
  -2.95897
  -2.94398
  -2.94715
  -2.96039
  -2.94394
  -2.91651
  -2.90655
  -2.87633
  -2.85411
  -2.83930
  -2.83515
  -2.83309
  -2.81238
  -2.77597
  -2.74789
  -2.72107
  -2.69011
  -2.67141
  -2.66211
  -2.63652
  -2.59150
  -2.56490
  -2.54414
  -2.51170
  -2.49090
  -2.49316
  -2.47672
  -2.45594
  -2.44087
  -2.40502
  -2.36446
  -2.33371
  -2.30234
  -2.26948
  -2.25127
  -2.25728
  -2.24959
  -2.20451
  -2.16840
  -2.15445
  -2.12839
  -2.09307
  -2.04836
  -2.01827
  -1.99013
  -1.95447
  -1.91973
  -1.88250
  -1.83938
  -1.82502
  -1.81781
  -1.79521
  -1.76016
  -1.72783
  -1.69640
  -1.67650
  -1.64694
  -1.61715
  -1.60312
  -1.57591
  -1.52988
  -1.50422
  -1.48652
  -1.45744
  -1.42664
  -1.40013
  -1.38241
  -1.35604
  -1.32353
  -1.29473
  -1.27254
  -1.25957
  -1.25243
  -1.22733
  -1.19428
  -1.16114
  -1.11725
  -1.08757
  -1.07194
  -1.02619
  -0.97627
  -0.94303
  -0.92934
  -0.92423
  -0.91314
  -0.87679
  -0.84703
  -0.83161
  -0.81897
  -0.80371
  -0.78513
  -0.75642
  -0.71787
  -0.69289
  -0.67936
  -0.66708
  -0.63422
  -0.60955
  -0.58446
  -0.56232
  -0.53155
  -0.51089
  -0.50013
  -0.49482
  -0.46672
  -0.44365
  -0.43097
  -0.40851
  -0.38645
  -0.38042
  -0.37643
  -0.34282
  -0.29564
  -0.26008
  -0.25496
  -0.25443
  -0.25662
  -0.23826
  -0.20140
  -0.16515
  -0.16471
  -0.18439
  -0.18675
  -0.16709
  -0.13773
  -0.10041
  -0.07383
  -0.07881
  -0.07354
  -0.05172
  -0.03573
  -0.03497
  -0.03623
  -0.03596
  -0.01927
   0.00633
   0.03118
   0.05511
   0.07052
   0.08913
   0.11828
   0.14986
   0.17750
   0.20164
   0.20151
   0.17589
   0.17135
   0.19401
   0.19665
   0.19259
   0.20850
   0.22005
   0.23625
   0.25189
   0.25955
   0.26649
   0.27158
   0.27810
   0.29887
   0.33029
   0.36286
   0.37002
   0.35889
   0.34704
   0.33803
   0.35186
   0.37128
   0.38138
   0.39599
   0.41661
   0.42311
   0.42878
   0.43023
   0.43286
   0.43127
   0.43090
   0.44576
   0.46913
   0.48854
   0.49164
   0.49002
   0.48602
   0.47603
   0.47267
   0.48487
   0.48744
   0.48473
   0.50477
   0.51728
   0.53451
   0.54042
   0.53268
   0.53255
   0.55276
   0.54831
   0.54396
   0.54607
   0.55129
   0.52488
   0.50156
   0.51659
   0.52311
   0.51515
   0.53011
   0.56105
   0.58114
   0.58201
   0.56681
   0.55585
   0.54955
   0.55106
   0.54555
   0.56096
   0.59577
   0.60684
   0.59864
   0.60865
   0.62125
   0.61830
   0.60758
   0.60475
   0.60258
   0.58509
   0.58446
   0.60839
   0.63180
   0.63650
   0.64035
   0.65320
   0.67624
   0.68327
   0.67754
   0.65231
   0.62485
   0.62250
   0.64003
   0.64353
   0.63634
   0.63295
   0.64281
   0.65373
   0.65067
   0.63222
   0.62294
   0.62409
   0.62652
   0.62860
   0.63279
   0.62526
   0.60371
   0.59401
   0.60477
   0.60934
   0.61690
   0.63197
   0.63493
   0.62964
   0.62257
   0.61317
   0.61203
   0.60421
   0.59295
   0.59043
   0.58597
   0.57718
   0.58205
   0.59544
   0.60887
   0.62605
   0.64000
   0.65826
   0.66725
   0.64150
   0.59354
   0.57456
   0.57580
   0.56596
   0.55552
   0.56295
   0.58509
   0.58751
   0.56781
   0.54082
   0.55008
   0.57810
   0.59420
   0.58836
   0.57838
   0.56519
   0.56641
   0.57136
   0.56990
   0.55618
   0.52931
   0.52260
   0.53643
   0.54901
   0.55979
   0.56351
   0.55497
   0.56296
   0.56373
   0.55101
   0.55033
   0.56520
   0.55651
   0.52505
   0.51480
   0.52866
   0.54076
   0.54448
   0.54757
   0.54478
   0.53979
   0.52890
   0.52578
   0.52288
   0.52178
   0.51862
   0.50013
   0.47993
   0.47860
   0.47053
   0.46750
   0.47071
   0.47556
   0.48162
   0.49295
   0.49771
   0.50153
   0.48922
   0.46642
   0.44443
   0.41735
   0.41257
   0.42389
   0.42689
   0.42800
   0.45005
   0.45765
   0.46349
   0.47021
   0.45771
   0.43967
   0.43380
   0.42782
   0.42749
   0.41749
   0.40671
   0.42385
   0.43656
   0.41988
   0.40090
   0.39230
   0.38288
   0.38700
   0.40145
   0.40615
   0.39536
   0.38340
   0.38770
   0.40155
   0.39616
   0.38194
   0.36962
   0.36155
   0.35880
   0.36191
   0.36386
   0.35951
   0.35917
   0.37231
   0.38369
   0.38079
   0.37143
   0.36017
   0.35749
   0.35532
   0.34045
   0.31598
   0.30445
   0.30919
   0.32143
   0.31634
   0.29267
   0.27401
   0.28479
   0.32124
   0.34134
   0.33077
   0.32770
   0.31922
   0.30463
   0.31316
   0.32879
   0.31338
   0.29431
   0.28963
   0.29092
   0.28726
   0.27722
   0.27972
   0.30175
   0.31076
   0.27653
   0.25524
   0.26693
   0.28594
   0.28098
   0.27496
   0.28252
   0.30019
   0.29696
   0.29103
   0.29223
   0.29094
   0.27690
   0.25951
   0.23281
   0.22195
   0.23008
   0.22839
   0.22108
   0.22645
   0.22924
   0.24452
   0.26191
   0.25503
   0.22974
   0.21597
   0.21208
   0.21144
   0.20954
   0.22367
   0.21978
   0.19944
   0.19025
   0.19993
   0.20492
   0.19734
   0.19054
   0.19638
   0.19735
   0.18764
   0.18245
   0.18058
   0.19212
   0.19310
   0.18525
   0.19055
   0.19765
   0.19856
   0.20292
   0.20026
   0.19291
   0.19093
   0.17365
   0.14277
   0.12904
   0.13594
   0.13728
   0.12590
   0.12217
   0.14776
   0.16581
   0.15414
   0.14595
   0.15152
   0.15027
   0.15100
   0.15077
   0.14024
   0.12903
   0.12948
   0.13611
   0.14645
   0.15098
   0.14632
   0.13987
   0.13645
   0.12143
   0.11595
   0.11965
   0.12920
   0.14649
   0.16575
   0.15798
   0.13475
   0.11855
   0.12283
   0.12275
   0.11247
   0.10831
   0.11160
   0.10866
   0.10577
   0.10737
   0.12984
   0.14600
   0.13544
   0.11875
   0.10804
   0.09963
   0.08866
   0.07353
   0.06295
   0.06706
   0.05985
   0.06007
   0.06958
   0.09246
   0.09442
   0.08772
   0.08259
   0.07487
   0.05487
   0.05232
   0.05996
   0.06709
   0.08332
   0.09463
   0.08050
   0.06655
   0.06903
   0.07938
   0.08070
   0.08362
   0.10114
   0.11232
   0.09041
   0.07815
   0.07860
   0.06871
   0.03731
   0.01625
   0.01044
  -0.00358
  -0.01051
   0.00305
   0.01987
   0.03658
   0.05569
   0.06405
   0.06866
   0.04662
   0.01515
   0.00293
  -0.00215
  -0.01254
  -0.01195
  -0.00632
   0.00059
   0.00536
   0.00258
  -0.00302
   0.00038
   0.01476
   0.03593
   0.03959
   0.02688
   0.00800
   0.00104
   0.00237
   0.00335
  -0.01246
  -0.03356
  -0.04464
  -0.04221
  -0.02906
   0.00194
   0.03624
   0.04269
   0.03090
   0.01843
   0.01481
   0.00244
  -0.01613
  -0.02883
  -0.01603
  -0.01264
  -0.02507
  -0.03938
  -0.03006
  -0.00506
   0.01614
   0.01880
   0.00249
  -0.00382
   0.00958
   0.01061
  -0.00554
  -0.01108
  -0.02920
  -0.05437
  -0.06103
  -0.03915
  -0.01347
  -0.00965
  -0.00958
   0.00200
   0.01975
   0.03185
   0.02850
   0.01422
   0.00856
   0.00304
  -0.00220
  -0.00894
  -0.00750
  -0.01650
  -0.02332
  -0.02406
  -0.03129
  -0.05182
  -0.04236
  -0.02619
  -0.01236
  -0.01210
  -0.02412
  -0.02941
  -0.00051
   0.00212
  -0.01273
  -0.02348
  -0.01980
  -0.02052
  -0.02378
  -0.03502
  -0.04122
  -0.03440
  -0.01632
   0.00386
   0.00506
   0.00075
  -0.00787
  -0.00694
  -0.01408
  -0.01864
  -0.03169
  -0.04309
  -0.05819
  -0.05961
  -0.04780
  -0.03368
  -0.03338
  -0.04492
  -0.05171
  -0.04187
  -0.03012
  -0.01812
  -0.00278
  -0.00543
  -0.03396
  -0.06035
  -0.06380
  -0.04460
  -0.02114
  -0.00952
  -0.01783
  -0.02236
  -0.01578
  -0.02154
  -0.02804
  -0.02141
  -0.01790
  -0.03525
  -0.04430
  -0.04623
  -0.04070
  -0.03396
  -0.02169
  -0.01823
  -0.01765
  -0.02154
  -0.03115
  -0.03849
  -0.03486
  -0.04422
  -0.05442
  -0.04693
  -0.04282
  -0.03618
  -0.03270
  -0.05147
  -0.06038
  -0.03985
  -0.01508
  -0.00172
   0.00063
  -0.00610
  -0.02448
  -0.04402
  -0.06688
  -0.07322
  -0.05453
  -0.03890
  -0.04294
  -0.03669
  -0.02946
  -0.03343
  -0.03653
  -0.03094
  -0.02567
  -0.01263
  -0.02035
  -0.04605
  -0.05834
  -0.05776
  -0.05639
  -0.05163
  -0.05720
  -0.06817
  -0.07140
  -0.06863
  -0.06734
  -0.05282
  -0.03325
  -0.02529
  -0.02379
  -0.01534
  -0.00732
  -0.00584
  -0.02095
  -0.03523
  -0.04087
  -0.03689
  -0.04424
  -0.04039
  -0.02547
  -0.01838
  -0.03234
  -0.03518
  -0.03357
  -0.03663
  -0.04528
  -0.02735
  -0.01364
  -0.02533
  -0.03028
  -0.01972
  -0.02530
  -0.03256
  -0.03015
  -0.02274
  -0.01340
  -0.01810
  -0.03109
  -0.03973
  -0.03698
  -0.03525
  -0.03390
  -0.03026
  -0.02068
  -0.02440
  -0.03137
  -0.02976
  -0.01273
  -0.00154
  -0.00517
  -0.02495
  -0.04449
  -0.03869
  -0.00742
  -0.00549
  -0.02703
  -0.03019
  -0.02909
  -0.04524
  -0.04777
  -0.04842
  -0.06298
  -0.07315
  -0.06742
  -0.06603
  -0.05998
  -0.04657
  -0.04168
  -0.04374
  -0.03213
  -0.01545
  -0.00343
   0.00128
  -0.00997
  -0.02801
  -0.03472
  -0.04196
  -0.04945
  -0.03875
  -0.04380
  -0.05870
  -0.05233
  -0.03265
  -0.02335
  -0.02090
  -0.02383
  -0.03354
  -0.04960
  -0.04393
  -0.01187
  -0.00273
  -0.01792
  -0.02631
  -0.04426
  -0.06671
  -0.06607
  -0.04884
  -0.03227
  -0.02499
  -0.02406
  -0.01610
  -0.00610
  -0.00524
  -0.02123
  -0.03894
  -0.03145
  -0.02147
  -0.01769
  -0.02977
  -0.03521
  -0.03173
  -0.01352
   0.00130
  -0.00057
  -0.01694
  -0.02776
  -0.02966
  -0.00601
   0.01159
   0.00166
  -0.00349
   0.00909
   0.01217
   0.01339
   0.03095
   0.03249
   0.01164
   0.00165
  -0.00498
  -0.00451
   0.01025
   0.01329
   0.01246
   0.02768
   0.03370
   0.03783
   0.03994
   0.03861
   0.03413
   0.02697
   0.00325
  -0.00763
   0.00610
   0.03020
   0.03819
   0.04396
   0.05078
   0.05606
   0.06095
   0.05796
   0.03399
   0.03057
   0.05467
   0.07207
   0.07058
   0.06213
   0.04805
   0.03996
   0.04522
   0.06037
   0.07676
   0.08184
   0.07250
   0.06724
   0.08165
   0.08777
   0.09141
   0.10676
   0.11023
   0.10306
   0.09930
   0.09918
   0.09496
   0.08544
   0.07516
   0.08186
   0.08490
   0.08139
   0.07779
   0.08715
   0.08214
   0.07858
   0.09083
   0.10132
   0.10977
   0.13238
   0.14315
   0.12540
   0.12471
   0.14958
   0.14584
   0.11820
   0.10965
   0.10853
   0.09495
   0.09445
   0.11628
   0.11682
   0.12771
   0.09663
