   0.05392
   0.07357
   0.06519
   0.07858
   0.10640
   0.15127
   0.20672
   0.28864
   0.43272
   0.67215
   1.06683
   1.70083
   2.66986
   4.02185
   5.69469
   7.47712
   9.14811
  10.53908
  11.80538
  12.43264
  12.01624
  11.16000
  10.52638
   9.94429
   9.38041
   8.83261
   8.36469
   7.96326
   7.57366
   7.19173
   6.84918
   6.53135
   6.19362
   5.83108
   5.47593
   5.13987
   4.81121
   4.47089
   4.13328
   3.81394
   3.50990
   3.20440
   2.90320
   2.61857
   2.34189
   2.06420
   1.79782
   1.55266
   1.31977
   1.08765
   0.85560
   0.63435
   0.41818
   0.20686
   0.00399
  -0.18872
  -0.37107
  -0.54691
  -0.72061
  -0.88891
  -1.05185
  -1.21275
  -1.36924
  -1.51510
  -1.65196
  -1.78412
  -1.90809
  -2.02394
  -2.14143
  -2.25546
  -2.36221
  -2.46506
  -2.56247
  -2.65333
  -2.74351
  -2.82947
  -2.90916
  -2.98136
  -3.04739
  -3.11501
  -3.18180
  -3.23926
  -3.29108
  -3.34390
  -3.39032
  -3.42642
  -3.46840
  -3.51698
  -3.55807
  -3.59004
  -3.61851
  -3.64037
  -3.66626
  -3.69142
  -3.71352
  -3.73548
  -3.75563
  -3.76568
  -3.77364
  -3.78319
  -3.79326
  -3.79957
  -3.80439
  -3.80236
  -3.79614
  -3.79170
  -3.78452
  -3.76634
  -3.75145
  -3.74321
  -3.73487
  -3.72194
  -3.70526
  -3.68713
  -3.67062
  -3.65440
  -3.63348
  -3.60537
  -3.57859
  -3.55639
  -3.52841
  -3.49735
  -3.47059
  -3.44515
  -3.41901
  -3.39153
  -3.35866
  -3.32352
  -3.29249
  -3.26572
  -3.23197
  -3.19760
  -3.16837
  -3.13138
  -3.08445
  -3.04390
  -3.00525
  -2.97044
  -2.93815
  -2.90492
  -2.87300
  -2.83830
  -2.79724
  -2.75339
  -2.70872
  -2.66736
  -2.62973
  -2.59448
  -2.56084
  -2.52030
  -2.47498
  -2.42976
  -2.39038
  -2.35545
  -2.31580
  -2.27204
  -2.23299
  -2.19209
  -2.14894
  -2.10724
  -2.06725
  -2.02819
  -1.99037
  -1.95027
  -1.91321
  -1.87772
  -1.83560
  -1.78854
  -1.74421
  -1.70644
  -1.66710
  -1.62355
  -1.58368
  -1.54524
  -1.50382
  -1.46536
  -1.43062
  -1.39773
  -1.36873
  -1.33846
  -1.30824
  -1.27292
  -1.23396
  -1.19562
  -1.15904
  -1.11877
  -1.07697
  -1.03523
  -0.99903
  -0.97044
  -0.94071
  -0.90274
  -0.86484
  -0.83593
  -0.81131
  -0.78085
  -0.74458
  -0.71221
  -0.68412
  -0.65402
  -0.62530
  -0.59362
  -0.56317
  -0.53389
  -0.50235
  -0.47239
  -0.44482
  -0.41560
  -0.39089
  -0.37025
  -0.35186
  -0.32853
  -0.29833
  -0.26485
  -0.23063
  -0.20152
  -0.18556
  -0.16931
  -0.14651
  -0.11528
  -0.08211
  -0.05424
  -0.03347
  -0.01451
   0.00527
   0.03231
   0.05481
   0.07000
   0.08585
   0.10375
   0.12305
   0.14479
   0.16727
   0.18605
   0.19514
   0.20649
   0.22687
   0.24982
   0.27422
   0.29741
   0.31352
   0.32651
   0.34007
   0.35164
   0.36343
   0.37742
   0.39242
   0.41184
   0.43294
   0.45090
   0.46272
   0.47049
   0.47788
   0.48807
   0.49552
   0.50398
   0.51639
   0.53809
   0.55953
   0.57376
   0.58516
   0.59757
   0.60608
   0.61377
   0.62267
   0.63276
   0.63942
   0.64698
   0.65703
   0.66572
   0.67203
   0.67901
   0.68971
   0.70070
   0.70878
   0.71538
   0.72411
   0.72790
   0.72855
   0.72720
   0.72853
   0.73529
   0.74568
   0.75216
   0.75621
   0.76107
   0.76883
   0.77902
   0.78393
   0.78511
   0.78679
   0.78747
   0.79009
   0.79579
   0.80111
   0.80374
   0.80277
   0.80110
   0.80681
   0.81580
   0.82078
   0.82115
   0.82572
   0.83324
   0.83567
   0.83314
   0.83285
   0.83338
   0.83525
   0.83326
   0.83137
   0.83492
   0.83953
   0.83522
   0.83261
   0.83297
   0.83296
   0.83300
   0.83412
   0.83049
   0.82936
   0.83338
   0.83966
   0.84119
   0.83898
   0.83672
   0.83066
   0.82024
   0.81385
   0.81285
   0.81761
   0.81965
   0.81547
   0.81089
   0.81108
   0.81034
   0.80828
   0.80455
   0.80260
   0.80350
   0.80236
   0.79782
   0.79855
   0.79785
   0.79011
   0.78589
   0.78391
   0.78192
   0.78065
   0.77802
   0.77404
   0.77403
   0.76986
   0.76575
   0.76408
   0.76236
   0.75470
   0.74830
   0.74363
   0.74227
   0.74202
   0.74298
   0.73830
   0.73675
   0.73658
   0.73210
   0.72672
   0.72560
   0.71944
   0.71413
   0.71677
   0.71751
   0.71311
   0.71016
   0.70667
   0.69847
   0.69231
   0.68769
   0.68106
   0.67690
   0.67507
   0.66691
   0.65538
   0.64761
   0.64568
   0.64649
   0.64723
   0.64941
   0.64896
   0.64332
   0.63550
   0.63065
   0.62948
   0.62666
   0.61780
   0.61168
   0.60772
   0.60234
   0.59046
   0.58006
   0.57948
   0.58049
   0.57712
   0.57181
   0.56988
   0.56719
   0.56226
   0.55645
   0.55133
   0.54413
   0.54041
   0.53747
   0.53262
   0.52640
   0.52190
   0.51990
   0.51817
   0.51619
   0.51745
   0.51827
   0.51430
   0.50549
   0.49536
   0.48495
   0.48030
   0.48019
   0.47686
   0.46734
   0.45720
   0.45275
   0.45222
   0.44886
   0.44557
   0.44407
   0.44022
   0.43610
   0.43497
   0.43351
   0.43319
   0.43307
   0.42770
   0.41685
   0.40919
   0.40088
   0.39009
   0.38428
   0.38440
   0.38993
   0.39665
   0.39431
   0.38739
   0.38349
   0.37453
   0.36137
   0.35200
   0.34771
   0.34632
   0.34925
   0.35215
   0.35014
   0.34427
   0.33890
   0.33407
   0.33393
   0.32960
   0.32014
   0.31525
   0.31641
   0.31272
   0.30706
   0.30092
   0.29791
   0.29215
   0.28140
   0.27192
   0.26867
   0.26854
   0.27137
   0.27359
   0.26998
   0.26172
   0.25642
   0.25206
   0.24818
   0.24983
   0.24972
   0.24167
   0.23383
   0.22984
   0.22642
   0.22434
   0.22215
   0.22461
   0.22652
   0.22519
   0.22460
   0.22611
   0.22114
   0.21299
   0.20854
   0.20612
   0.20445
   0.19480
   0.18548
   0.18267
   0.18333
   0.18086
   0.17632
   0.17049
   0.17278
   0.17575
   0.17742
   0.17761
   0.17236
   0.16544
   0.15973
   0.15130
   0.14814
   0.15103
   0.15270
   0.15071
   0.14916
   0.14663
   0.14261
   0.13831
   0.13462
   0.13323
   0.12994
   0.12626
   0.12666
   0.12875
   0.12971
   0.12671
   0.11728
   0.10593
   0.09658
   0.09437
   0.10321
   0.11048
   0.11258
   0.11019
   0.10823
   0.10685
   0.10311
   0.09443
   0.09215
   0.09392
   0.09093
   0.08363
   0.08417
   0.09037
   0.09569
   0.09322
   0.08623
   0.07936
   0.07519
   0.07071
   0.06867
   0.06635
   0.06478
   0.06160
   0.05994
   0.05828
   0.05771
   0.05876
   0.05561
   0.04797
   0.04665
   0.04826
   0.05034
   0.05478
   0.05889
   0.05790
   0.05254
   0.04549
   0.04411
   0.04442
   0.03876
   0.03371
   0.03876
   0.03923
   0.02923
   0.02306
   0.02622
   0.02748
   0.02729
   0.02956
   0.03426
   0.03730
   0.03315
   0.02661
   0.02566
   0.02541
   0.02396
   0.02509
   0.02122
   0.01389
   0.00718
   0.00536
   0.00636
   0.01184
   0.01891
   0.01804
   0.01004
   0.01137
   0.01737
   0.01919
   0.01870
   0.01921
   0.01654
   0.01413
   0.01279
   0.01125
   0.01082
   0.01220
   0.00711
   0.00001
  -0.00520
  -0.00946
  -0.01110
  -0.00456
   0.00166
   0.00670
   0.00938
   0.00570
  -0.00317
  -0.00520
  -0.00603
  -0.00912
  -0.01090
  -0.00441
  -0.00142
  -0.00112
  -0.00274
  -0.00664
  -0.01163
  -0.01217
  -0.01578
  -0.01954
  -0.02185
  -0.02404
  -0.02224
  -0.01782
  -0.02145
  -0.02794
  -0.02777
  -0.02607
  -0.02570
  -0.02262
  -0.01684
  -0.01658
  -0.02169
  -0.02136
  -0.01643
  -0.01250
  -0.01289
  -0.01524
  -0.01772
  -0.02225
  -0.03044
  -0.03609
  -0.03736
  -0.03706
  -0.03645
  -0.03294
  -0.02863
  -0.02711
  -0.02966
  -0.02950
  -0.02769
  -0.02602
  -0.02619
  -0.02744
  -0.03070
  -0.03141
  -0.02774
  -0.02610
  -0.03003
  -0.03579
  -0.03736
  -0.03558
  -0.03133
  -0.03484
  -0.04355
  -0.04730
  -0.04413
  -0.03976
  -0.03653
  -0.03352
  -0.03273
  -0.03545
  -0.03856
  -0.03649
  -0.03301
  -0.03589
  -0.04154
  -0.04503
  -0.04950
  -0.04968
  -0.04225
  -0.03682
  -0.04096
  -0.04500
  -0.04407
  -0.04456
  -0.04750
  -0.04194
  -0.03715
  -0.03794
  -0.03960
  -0.04133
  -0.03958
  -0.03330
  -0.03440
  -0.03932
  -0.04073
  -0.04111
  -0.04204
  -0.04101
  -0.03841
  -0.03919
  -0.04356
  -0.04417
  -0.04481
  -0.04546
  -0.04356
  -0.04503
  -0.04550
  -0.04093
  -0.03847
  -0.03965
  -0.04411
  -0.05183
  -0.05449
  -0.04791
  -0.04189
  -0.04299
  -0.04520
  -0.04713
  -0.05180
  -0.05238
  -0.04706
  -0.04434
  -0.03916
  -0.03307
  -0.03664
  -0.04313
  -0.04523
  -0.04705
  -0.04254
  -0.03396
  -0.03292
  -0.04082
  -0.04343
  -0.03534
  -0.02893
  -0.02985
  -0.03208
  -0.03789
  -0.04058
  -0.03719
  -0.03458
  -0.03401
  -0.02952
  -0.02787
  -0.02779
  -0.02885
  -0.03017
  -0.03102
  -0.03314
  -0.03645
  -0.03700
  -0.03628
  -0.03351
  -0.03125
  -0.03501
  -0.03905
  -0.03955
  -0.03393
  -0.03004
  -0.03360
  -0.03345
  -0.02870
  -0.02851
  -0.02734
  -0.02666
  -0.02928
  -0.02538
  -0.02114
  -0.02290
  -0.03133
  -0.04283
  -0.04997
  -0.04822
  -0.04316
  -0.03473
  -0.03082
  -0.03224
  -0.03599
  -0.03303
  -0.02616
  -0.02438
  -0.02620
  -0.02517
  -0.02660
  -0.02829
  -0.02786
  -0.02911
  -0.03240
  -0.03293
  -0.03020
  -0.02541
  -0.02210
  -0.02135
  -0.02010
  -0.02333
  -0.02455
  -0.02592
  -0.03129
  -0.03415
  -0.03128
  -0.03157
  -0.02792
  -0.02814
  -0.03499
  -0.03959
  -0.03807
  -0.03400
  -0.03484
  -0.03785
  -0.03690
  -0.02877
  -0.02680
  -0.03257
  -0.03565
  -0.03103
  -0.02978
  -0.03100
  -0.03033
  -0.02775
  -0.02302
  -0.01842
  -0.01819
  -0.01918
  -0.01835
  -0.01883
  -0.01536
  -0.01500
  -0.02262
  -0.03307
  -0.03884
  -0.04157
  -0.03928
  -0.03487
  -0.02737
  -0.02187
  -0.02076
  -0.02725
  -0.03046
  -0.02843
  -0.02364
  -0.01764
  -0.01094
  -0.01266
  -0.01671
  -0.01849
  -0.01898
  -0.02421
  -0.02446
  -0.02212
  -0.02386
  -0.02405
  -0.01870
  -0.01855
  -0.02443
  -0.03055
  -0.03477
  -0.03550
  -0.03161
  -0.02509
  -0.01963
  -0.01898
  -0.01970
  -0.02285
  -0.02722
  -0.02513
  -0.01602
  -0.01495
  -0.02177
  -0.02410
  -0.02179
  -0.02715
  -0.03322
  -0.03518
  -0.03650
  -0.03497
  -0.02874
  -0.02539
  -0.02699
  -0.02970
  -0.02463
  -0.02270
  -0.02677
  -0.02975
  -0.02696
  -0.02162
  -0.01442
  -0.01133
  -0.00934
  -0.00331
   0.00190
  -0.00140
  -0.00721
  -0.01065
  -0.01307
  -0.01376
  -0.01255
  -0.01021
  -0.00793
  -0.01117
  -0.01388
  -0.01186
  -0.00542
  -0.00091
  -0.00112
  -0.00211
  -0.00576
  -0.00999
  -0.00978
  -0.00783
  -0.00517
  -0.00614
  -0.00815
  -0.00288
   0.00208
  -0.00362
  -0.00749
  -0.00532
  -0.00272
  -0.00503
  -0.00817
  -0.00801
  -0.00415
   0.00404
   0.01310
   0.01416
   0.00776
   0.00249
  -0.00696
  -0.01404
  -0.00947
   0.00063
   0.00754
   0.01049
   0.01214
   0.01534
   0.01675
   0.01307
   0.01177
   0.00886
   0.00592
   0.01067
   0.02054
   0.02510
   0.02526
   0.02331
   0.02477
   0.02454
   0.02193
   0.02312
   0.02536
   0.02325
   0.01849
   0.01709
   0.02202
   0.03029
   0.03614
   0.03431
   0.02494
   0.02078
   0.02340
   0.03015
   0.03294
   0.02967
   0.02611
   0.02690
   0.02807
   0.03791
   0.04582
   0.03876
   0.02602
   0.02888
   0.03814
   0.04090
   0.04080
   0.04484
   0.04715
   0.04734
   0.04543
   0.04228
   0.04429
   0.04906
   0.04379
   0.03568
   0.03717
   0.04213
   0.04285
   0.04361
   0.04906
   0.04953
   0.04443
   0.04416
   0.04985
   0.05339
   0.05361
   0.05489
   0.06106
   0.06561
   0.06233
   0.05554
   0.05302
   0.05214
   0.06413
   0.04809
