   0.11103
   0.16937
   0.18815
   0.23434
   0.26526
   0.33583
   0.47756
   0.67833
   0.93224
   1.28037
   1.76706
   2.41557
   3.25471
   4.27190
   5.45425
   6.70703
   8.15904
   9.26095
   9.72592
   9.53234
   8.82937
   7.92450
   7.36504
   6.96322
   6.68378
   6.44712
   6.24395
   6.05265
   5.85337
   5.64962
   5.43656
   5.19215
   4.94451
   4.70844
   4.46190
   4.21111
   3.97663
   3.74982
   3.52725
   3.31877
   3.11219
   2.89553
   2.68930
   2.50627
   2.32041
   2.12685
   1.93722
   1.75124
   1.56394
   1.40624
   1.26671
   1.11516
   0.96171
   0.82246
   0.67096
   0.51830
   0.38387
   0.25334
   0.11823
  -0.01566
  -0.13837
  -0.24582
  -0.34503
  -0.45155
  -0.56433
  -0.66183
  -0.76238
  -0.88013
  -0.98500
  -1.05957
  -1.13392
  -1.20879
  -1.29780
  -1.39148
  -1.47790
  -1.55021
  -1.61296
  -1.65815
  -1.71737
  -1.78590
  -1.83977
  -1.87547
  -1.91739
  -1.97359
  -2.03481
  -2.07383
  -2.09780
  -2.13140
  -2.17461
  -2.22202
  -2.26419
  -2.28805
  -2.30410
  -2.33988
  -2.38925
  -2.42881
  -2.45852
  -2.47599
  -2.48627
  -2.50329
  -2.52286
  -2.53910
  -2.55348
  -2.55323
  -2.55630
  -2.56978
  -2.58620
  -2.59690
  -2.60605
  -2.62173
  -2.64836
  -2.65369
  -2.64366
  -2.63914
  -2.63886
  -2.63122
  -2.63340
  -2.63363
  -2.62110
  -2.61118
  -2.61462
  -2.60732
  -2.60378
  -2.60651
  -2.60352
  -2.58909
  -2.57358
  -2.56018
  -2.55398
  -2.53589
  -2.51984
  -2.51397
  -2.50008
  -2.47576
  -2.46588
  -2.46604
  -2.45882
  -2.43370
  -2.40904
  -2.39223
  -2.37909
  -2.36355
  -2.34707
  -2.33384
  -2.32459
  -2.30282
  -2.27042
  -2.24166
  -2.22053
  -2.19816
  -2.17365
  -2.15018
  -2.12911
  -2.10749
  -2.08803
  -2.07240
  -2.05579
  -2.03038
  -2.00218
  -1.97672
  -1.96076
  -1.94400
  -1.91756
  -1.88977
  -1.86962
  -1.84693
  -1.82509
  -1.80024
  -1.77416
  -1.74126
  -1.71102
  -1.68449
  -1.65839
  -1.62854
  -1.60626
  -1.59443
  -1.58821
  -1.56938
  -1.53672
  -1.50886
  -1.48987
  -1.46940
  -1.43778
  -1.41734
  -1.40760
  -1.38924
  -1.35750
  -1.33323
  -1.31383
  -1.29862
  -1.27788
  -1.24325
  -1.19785
  -1.16355
  -1.14863
  -1.12931
  -1.10076
  -1.08915
  -1.08702
  -1.07737
  -1.04942
  -1.00560
  -0.96585
  -0.94537
  -0.93623
  -0.92843
  -0.90907
  -0.88679
  -0.86200
  -0.83653
  -0.82308
  -0.81808
  -0.78494
  -0.72998
  -0.69456
  -0.68396
  -0.68238
  -0.67709
  -0.66187
  -0.63707
  -0.60726
  -0.57411
  -0.55152
  -0.53366
  -0.52451
  -0.51859
  -0.51455
  -0.49406
  -0.46545
  -0.44146
  -0.42392
  -0.40233
  -0.38252
  -0.35946
  -0.33505
  -0.32083
  -0.31709
  -0.30106
  -0.27557
  -0.25809
  -0.24055
  -0.22558
  -0.21508
  -0.19062
  -0.16457
  -0.15054
  -0.14036
  -0.14130
  -0.14214
  -0.12227
  -0.09732
  -0.07599
  -0.05947
  -0.04239
  -0.01088
   0.01125
   0.01569
   0.02443
   0.03131
   0.03407
   0.04485
   0.06348
   0.08093
   0.09236
   0.09599
   0.10386
   0.12809
   0.16504
   0.19305
   0.19599
   0.18143
   0.16839
   0.17190
   0.17764
   0.18956
   0.21139
   0.23293
   0.24835
   0.26883
   0.28238
   0.28543
   0.28129
   0.28881
   0.30672
   0.31445
   0.31240
   0.31919
   0.32400
   0.32013
   0.31698
   0.33470
   0.36371
   0.37982
   0.37116
   0.36232
   0.38042
   0.40457
   0.41825
   0.43411
   0.44622
   0.43748
   0.42550
   0.43055
   0.45466
   0.47159
   0.46980
   0.46462
   0.47481
   0.48671
   0.48996
   0.48446
   0.48783
   0.50559
   0.51999
   0.52706
   0.53969
   0.54625
   0.53548
   0.51815
   0.51372
   0.51631
   0.51104
   0.51559
   0.52896
   0.53947
   0.54510
   0.54326
   0.54781
   0.55693
   0.55661
   0.56351
   0.57527
   0.57365
   0.57207
   0.58174
   0.59437
   0.60340
   0.60595
   0.60506
   0.60472
   0.61217
   0.61544
   0.61402
   0.61867
   0.61658
   0.60567
   0.60942
   0.61963
   0.61992
   0.62074
   0.62675
   0.62532
   0.61841
   0.60852
   0.60459
   0.60784
   0.61274
   0.60729
   0.61222
   0.62845
   0.64662
   0.65233
   0.65208
   0.64334
   0.64260
   0.64910
   0.65067
   0.64507
   0.64438
   0.64673
   0.64537
   0.64644
   0.65045
   0.64682
   0.63591
   0.63032
   0.64401
   0.65860
   0.66133
   0.65323
   0.64578
   0.64120
   0.63982
   0.62580
   0.61855
   0.62723
   0.63407
   0.63923
   0.64384
   0.63801
   0.63139
   0.63886
   0.64587
   0.64447
   0.63968
   0.63550
   0.62989
   0.62329
   0.61866
   0.62343
   0.63122
   0.63423
   0.63512
   0.62989
   0.61814
   0.61141
   0.60865
   0.60391
   0.60695
   0.61060
   0.60643
   0.61057
   0.62152
   0.61871
   0.60061
   0.58236
   0.58611
   0.60060
   0.59954
   0.59559
   0.59061
   0.58823
   0.59597
   0.60410
   0.60253
   0.59145
   0.57555
   0.57281
   0.57909
   0.58171
   0.57499
   0.56145
   0.54801
   0.53656
   0.53003
   0.52995
   0.52806
   0.52415
   0.52021
   0.52522
   0.53357
   0.53798
   0.52967
   0.51883
   0.51539
   0.51980
   0.52268
   0.52592
   0.52777
   0.52364
   0.51523
   0.52107
   0.53270
   0.53310
   0.52277
   0.51424
   0.50937
   0.50973
   0.50384
   0.50199
   0.51054
   0.51446
   0.50583
   0.50195
   0.49815
   0.48435
   0.47875
   0.47932
   0.47946
   0.47636
   0.46890
   0.46863
   0.46092
   0.45223
   0.45769
   0.46742
   0.46785
   0.47341
   0.47878
   0.47708
   0.46243
   0.45283
   0.43963
   0.42703
   0.43313
   0.44592
   0.44901
   0.45034
   0.44853
   0.44381
   0.44316
   0.44080
   0.43637
   0.44111
   0.43846
   0.42207
   0.41608
   0.41521
   0.41279
   0.42136
   0.41837
   0.40427
   0.40176
   0.40143
   0.39116
   0.38407
   0.38979
   0.39904
   0.39209
   0.38927
   0.39976
   0.39802
   0.38801
   0.39399
   0.39154
   0.37648
   0.36353
   0.36673
   0.36962
   0.35982
   0.35487
   0.37280
   0.37655
   0.36644
   0.36153
   0.36229
   0.36965
   0.36562
   0.35276
   0.36026
   0.36292
   0.34433
   0.32706
   0.32806
   0.33409
   0.33807
   0.33653
   0.33095
   0.32938
   0.34453
   0.34671
   0.33448
   0.32179
   0.30393
   0.29580
   0.30670
   0.31142
   0.31072
   0.31613
   0.31491
   0.29965
   0.28684
   0.28553
   0.28489
   0.27792
   0.27094
   0.26776
   0.27696
   0.28408
   0.27416
   0.25806
   0.24835
   0.24264
   0.24316
   0.25422
   0.26474
   0.26460
   0.26295
   0.26096
   0.25807
   0.25993
   0.25608
   0.25075
   0.24950
   0.24612
   0.23744
   0.22756
   0.22143
   0.21793
   0.21118
   0.21267
   0.21295
   0.21085
   0.21447
   0.21703
   0.21761
   0.22373
   0.22095
   0.21116
   0.20498
   0.20444
   0.20217
   0.20415
   0.20415
   0.20169
   0.19745
   0.19490
   0.19275
   0.19581
   0.19404
   0.18936
   0.18248
   0.17977
   0.18059
   0.18445
   0.18650
   0.18013
   0.17405
   0.17380
   0.16480
   0.14889
   0.14476
   0.14855
   0.15136
   0.15173
   0.14981
   0.14789
   0.15444
   0.16175
   0.16068
   0.15924
   0.15657
   0.14588
   0.13959
   0.14438
   0.13951
   0.13526
   0.14196
   0.14573
   0.14317
   0.14860
   0.15430
   0.15534
   0.14534
   0.13010
   0.12323
   0.12179
   0.11125
   0.11003
   0.12271
   0.12691
   0.11482
   0.09863
   0.07645
   0.06793
   0.08549
   0.10119
   0.10721
   0.11073
   0.10078
   0.09325
   0.10512
   0.12188
   0.12607
   0.11569
   0.09893
   0.09446
   0.10181
   0.11172
   0.10533
   0.09765
   0.10477
   0.10496
   0.09899
   0.10271
   0.10643
   0.10236
   0.09277
   0.07757
   0.07452
   0.07783
   0.07763
   0.08182
   0.08523
   0.08236
   0.08705
   0.08467
   0.07373
   0.07616
   0.07374
   0.06319
   0.07098
   0.08105
   0.09067
   0.09300
   0.08344
   0.07557
   0.07135
   0.05028
   0.04304
   0.05338
   0.05936
   0.06003
   0.07021
   0.06860
   0.05820
   0.04631
   0.04015
   0.04489
   0.05429
   0.05199
   0.05054
   0.05838
   0.06686
   0.06555
   0.06703
   0.06177
   0.04593
   0.03344
   0.03320
   0.02765
   0.02715
   0.03616
   0.04866
   0.05275
   0.04941
   0.04612
   0.04709
   0.04526
   0.03938
   0.03737
   0.03883
   0.03952
   0.03387
   0.02963
   0.03033
   0.03832
   0.04428
   0.03573
   0.02018
   0.02167
   0.03290
   0.03242
   0.02226
   0.01855
   0.01779
   0.02275
   0.04263
   0.06123
   0.05535
   0.03779
   0.01787
  -0.00114
  -0.00687
  -0.00087
   0.00220
   0.01307
   0.03281
   0.03913
   0.03391
   0.03163
   0.02584
   0.01791
   0.01702
   0.01518
   0.00796
   0.00194
   0.00593
   0.01460
   0.02765
   0.03129
   0.02381
   0.01527
   0.01336
   0.01670
   0.02949
   0.03658
   0.03207
   0.01260
  -0.00426
  -0.01215
  -0.00322
   0.00957
   0.01546
   0.01055
   0.00764
   0.00846
   0.02224
   0.02867
   0.02371
   0.02546
   0.03210
   0.03639
   0.03270
   0.02788
   0.02622
   0.03030
   0.03756
   0.04264
   0.04188
   0.04119
   0.03796
   0.03481
   0.03680
   0.03032
   0.01043
  -0.00155
   0.00616
   0.01731
   0.02562
   0.02159
   0.00912
   0.00303
   0.01859
   0.03314
   0.02995
   0.01945
   0.01972
   0.01620
   0.01464
   0.01152
   0.01041
   0.01786
   0.02093
   0.01436
   0.00492
   0.00331
   0.00620
   0.00968
   0.01624
   0.02758
   0.03648
   0.03907
   0.03010
   0.02171
   0.01988
   0.01654
   0.01787
   0.01844
   0.01595
   0.01987
   0.01935
   0.00587
   0.00105
   0.01070
   0.01910
   0.01793
   0.01877
   0.01765
   0.01343
   0.00554
   0.00007
   0.00162
   0.01083
   0.01005
  -0.00103
  -0.00450
   0.00152
  -0.00270
  -0.00199
   0.00594
   0.00244
  -0.00315
   0.00967
   0.02539
   0.03388
   0.03005
   0.01982
   0.00767
   0.00718
   0.01378
   0.01681
   0.01779
   0.01567
  -0.00743
  -0.02542
  -0.01823
  -0.00134
   0.00965
   0.01296
   0.00982
   0.00495
  -0.00143
   0.00782
   0.02336
   0.03217
   0.03162
   0.02051
   0.00554
  -0.00082
  -0.01035
  -0.01565
  -0.01832
  -0.02141
  -0.01737
  -0.00711
  -0.00120
   0.00826
   0.01704
   0.01820
   0.01779
   0.01472
   0.02248
   0.03372
   0.02638
   0.00648
  -0.00635
  -0.00839
  -0.00749
  -0.00834
  -0.00016
   0.00997
   0.01425
   0.02099
   0.03132
   0.03848
   0.03334
   0.02650
   0.02303
   0.02106
   0.02330
   0.02231
   0.01296
   0.00908
   0.01851
   0.03814
   0.05176
   0.05368
   0.04978
   0.04108
   0.02780
   0.01713
   0.02028
   0.02786
   0.02794
   0.02525
   0.02307
   0.00832
   0.00164
   0.01401
   0.02249
   0.01252
   0.00796
   0.01824
   0.04031
   0.05052
   0.05021
   0.04778
   0.04499
   0.03841
   0.04535
   0.04719
   0.04087
   0.04039
   0.04836
   0.04791
   0.04983
   0.04986
   0.04589
   0.04166
   0.04347
   0.04564
   0.05621
   0.06325
   0.05950
   0.05930
   0.06321
   0.05435
   0.04956
   0.05628
   0.06836
   0.07721
   0.07783
   0.07836
   0.07968
   0.06828
   0.05481
   0.05164
   0.05365
   0.06100
   0.07426
   0.08837
   0.09732
   0.09887
   0.09088
   0.08010
   0.07143
   0.07461
   0.08242
   0.08611
   0.07770
   0.07801
   0.08086
   0.07372
   0.07977
   0.10165
   0.10535
   0.10063
   0.10021
   0.09669
   0.08321
   0.07562
   0.07561
   0.07269
   0.06932
   0.07570
   0.07960
   0.09381
   0.10970
   0.10343
   0.09569
   0.09977
   0.09530
   0.08907
   0.09048
   0.09769
   0.10624
   0.10806
   0.10885
   0.11681
   0.12289
   0.12937
   0.13561
   0.14556
   0.14627
   0.13404
   0.12280
   0.12109
   0.11299
   0.10863
   0.10946
   0.10081
   0.12823
   0.10368
