   0.14376
   0.19227
   0.20409
   0.30140
   0.43097
   0.72030
   1.31006
   2.18137
   3.27305
   4.55799
   6.01949
   7.50749
   8.99864
  10.45791
  12.41563
  13.59418
  12.80338
  11.17965
  10.20243
   9.45753
   8.81681
   8.15497
   7.48617
   6.77065
   6.08533
   5.55330
   5.14990
   4.76551
   4.37282
   4.03486
   3.74561
   3.45084
   3.16129
   2.89507
   2.64651
   2.39752
   2.14904
   1.91394
   1.69497
   1.46450
   1.24470
   1.04954
   0.86200
   0.64184
   0.42929
   0.25286
   0.10444
  -0.06336
  -0.22623
  -0.38798
  -0.53566
  -0.67739
  -0.81493
  -0.94003
  -1.03904
  -1.15468
  -1.26272
  -1.33689
  -1.40047
  -1.48887
  -1.59543
  -1.68387
  -1.76773
  -1.85015
  -1.91342
  -1.97402
  -2.03929
  -2.08997
  -2.13705
  -2.18487
  -2.22750
  -2.29175
  -2.35853
  -2.39580
  -2.41665
  -2.45564
  -2.48262
  -2.50112
  -2.53503
  -2.58260
  -2.60549
  -2.60955
  -2.61406
  -2.62087
  -2.62379
  -2.63526
  -2.65001
  -2.67072
  -2.67429
  -2.66754
  -2.67143
  -2.67883
  -2.68010
  -2.69000
  -2.68823
  -2.69175
  -2.70515
  -2.69858
  -2.67460
  -2.64866
  -2.62359
  -2.61150
  -2.60662
  -2.59718
  -2.56092
  -2.51379
  -2.48198
  -2.46016
  -2.44254
  -2.44691
  -2.46606
  -2.47724
  -2.44519
  -2.40404
  -2.38676
  -2.37847
  -2.36007
  -2.34643
  -2.34285
  -2.34246
  -2.32321
  -2.28009
  -2.22806
  -2.19703
  -2.17281
  -2.13230
  -2.09664
  -2.05627
  -2.00776
  -1.99612
  -2.01822
  -2.02589
  -2.00855
  -1.97005
  -1.93480
  -1.90873
  -1.88418
  -1.86876
  -1.85120
  -1.81092
  -1.78541
  -1.77764
  -1.75895
  -1.72027
  -1.69362
  -1.66392
  -1.63060
  -1.59489
  -1.57947
  -1.56916
  -1.54805
  -1.51494
  -1.48147
  -1.44992
  -1.43399
  -1.41277
  -1.38186
  -1.36361
  -1.35000
  -1.33715
  -1.32110
  -1.29849
  -1.28965
  -1.28781
  -1.27940
  -1.26574
  -1.24073
  -1.20034
  -1.18035
  -1.16955
  -1.14201
  -1.11327
  -1.11038
  -1.10121
  -1.06647
  -1.02117
  -1.00464
  -0.97860
  -0.94328
  -0.94545
  -0.95852
  -0.93473
  -0.90198
  -0.87066
  -0.84605
  -0.82511
  -0.80236
  -0.78486
  -0.77327
  -0.75096
  -0.72807
  -0.71271
  -0.68607
  -0.65186
  -0.63755
  -0.64256
  -0.64062
  -0.62539
  -0.60310
  -0.58820
  -0.57142
  -0.55654
  -0.53325
  -0.51438
  -0.50678
  -0.50502
  -0.49842
  -0.47996
  -0.45512
  -0.43948
  -0.42304
  -0.38474
  -0.33068
  -0.28544
  -0.26412
  -0.24860
  -0.23690
  -0.22955
  -0.22446
  -0.20497
  -0.18876
  -0.20454
  -0.22699
  -0.22279
  -0.20995
  -0.19338
  -0.16521
  -0.14337
  -0.13226
  -0.10853
  -0.07776
  -0.06565
  -0.06292
  -0.04841
  -0.03228
  -0.03751
  -0.05271
  -0.05312
  -0.03346
  -0.02491
  -0.03014
  -0.02940
  -0.01609
   0.00391
   0.03429
   0.04300
   0.05125
   0.08081
   0.09986
   0.09955
   0.10614
   0.13878
   0.17003
   0.16711
   0.15355
   0.17323
   0.19123
   0.18174
   0.17527
   0.18243
   0.18163
   0.18076
   0.20072
   0.21230
   0.21933
   0.22830
   0.24176
   0.25240
   0.26722
   0.27014
   0.27747
   0.30049
   0.33706
   0.35736
   0.33727
   0.31297
   0.31803
   0.33526
   0.32840
   0.31992
   0.31482
   0.31201
   0.30423
   0.32431
   0.34822
   0.35601
   0.35753
   0.37220
   0.36889
   0.36265
   0.37263
   0.39248
   0.40466
   0.41175
   0.41170
   0.40010
   0.38697
   0.38748
   0.39677
   0.40870
   0.42047
   0.42106
   0.42648
   0.42970
   0.43529
   0.45025
   0.44920
   0.45167
   0.47798
   0.48478
   0.45713
   0.43839
   0.43333
   0.43236
   0.41938
   0.42064
   0.43476
   0.44854
   0.46662
   0.49307
   0.50705
   0.50233
   0.49012
   0.47672
   0.46502
   0.45448
   0.45153
   0.46377
   0.47670
   0.48813
   0.49707
   0.48257
   0.46215
   0.45342
   0.45314
   0.47193
   0.50317
   0.50873
   0.49861
   0.48547
   0.47315
   0.46640
   0.46950
   0.47741
   0.48845
   0.48685
   0.47611
   0.47323
   0.45804
   0.45120
   0.45961
   0.46478
   0.46616
   0.46031
   0.45075
   0.46702
   0.48667
   0.50545
   0.52528
   0.52520
   0.51206
   0.50694
   0.50295
   0.49115
   0.47511
   0.46547
   0.46017
   0.47543
   0.50415
   0.49516
   0.46068
   0.44021
   0.43454
   0.45003
   0.47801
   0.47672
   0.47467
   0.49130
   0.50277
   0.48821
   0.46813
   0.46271
   0.47751
   0.48291
   0.47490
   0.46625
   0.47247
   0.47730
   0.48453
   0.48317
   0.48261
   0.48564
   0.47323
   0.45414
   0.45852
   0.45878
   0.43851
   0.42269
   0.43708
   0.46293
   0.45798
   0.42894
   0.40817
   0.40353
   0.41895
   0.42285
   0.42568
   0.43510
   0.42981
   0.40694
   0.40717
   0.43059
   0.43752
   0.41392
   0.40069
   0.41808
   0.43431
   0.43166
   0.41661
   0.40282
   0.39675
   0.40356
   0.41081
   0.41124
   0.41017
   0.40914
   0.40830
   0.40715
   0.40587
   0.39402
   0.38465
   0.38785
   0.39551
   0.40251
   0.40593
   0.39727
   0.40427
   0.39970
   0.37812
   0.37163
   0.36663
   0.35218
   0.34148
   0.33330
   0.33935
   0.34738
   0.34103
   0.33916
   0.33309
   0.32709
   0.33709
   0.34006
   0.32929
   0.33083
   0.34661
   0.35660
   0.35198
   0.33375
   0.32051
   0.32737
   0.35197
   0.38423
   0.38429
   0.33850
   0.29487
   0.28939
   0.30005
   0.31016
   0.30711
   0.28143
   0.25971
   0.26228
   0.26744
   0.26829
   0.28514
   0.29221
   0.28081
   0.26645
   0.25516
   0.25604
   0.26529
   0.27355
   0.27825
   0.26589
   0.26371
   0.27944
   0.26839
   0.23966
   0.22290
   0.23574
   0.25201
   0.26021
   0.27256
   0.27734
   0.26394
   0.26560
   0.26483
   0.26760
   0.26169
   0.23133
   0.21508
   0.22008
   0.21949
   0.21895
   0.22631
   0.23002
   0.24316
   0.24518
   0.23941
   0.23784
   0.24332
   0.23706
   0.21944
   0.20361
   0.20926
   0.21521
   0.20032
   0.19099
   0.19365
   0.17778
   0.16795
   0.18613
   0.19122
   0.17485
   0.16585
   0.16913
   0.17111
   0.16330
   0.16479
   0.17276
   0.18145
   0.18332
   0.17172
   0.15548
   0.15020
   0.15297
   0.16311
   0.17566
   0.17435
   0.16177
   0.15373
   0.16548
   0.19663
   0.22003
   0.21577
   0.20270
   0.19051
   0.17343
   0.16436
   0.16359
   0.15660
   0.12783
   0.11119
   0.10638
   0.10073
   0.09412
   0.11037
   0.13362
   0.14026
   0.12795
   0.12842
   0.12759
   0.11286
   0.09435
   0.08864
   0.08697
   0.06997
   0.07120
   0.08460
   0.08576
   0.08920
   0.10344
   0.10881
   0.11480
   0.10541
   0.09064
   0.09654
   0.09530
   0.08816
   0.10050
   0.11738
   0.11739
   0.10631
   0.07646
   0.05034
   0.04918
   0.07395
   0.08278
   0.07284
   0.05912
   0.04499
   0.03925
   0.05765
   0.05906
   0.04703
   0.04481
   0.05694
   0.06290
   0.06858
   0.07308
   0.07614
   0.07008
   0.06894
   0.06894
   0.08981
   0.10255
   0.08276
   0.05542
   0.05216
   0.05140
   0.05310
   0.05824
   0.06112
   0.04893
   0.01926
   0.00815
   0.03024
   0.05310
   0.06038
   0.06947
   0.06336
   0.04025
   0.03640
   0.04853
   0.04851
   0.03529
   0.02149
   0.01314
   0.00169
  -0.00714
  -0.00523
  -0.00472
  -0.01173
  -0.00927
   0.00793
   0.04034
   0.05000
   0.03725
   0.04281
   0.07042
   0.07467
   0.05159
   0.03118
   0.01911
   0.00790
   0.01287
   0.02685
   0.02357
   0.00917
   0.00984
   0.02382
   0.02845
   0.02041
  -0.00905
  -0.02569
  -0.01588
  -0.01084
  -0.02223
  -0.02826
  -0.02776
  -0.02375
  -0.01189
   0.00824
   0.02107
   0.01286
   0.00475
  -0.00395
  -0.00231
   0.00232
  -0.01392
  -0.03563
  -0.03819
  -0.02807
  -0.02164
  -0.02059
  -0.02658
  -0.02671
  -0.01269
  -0.01082
  -0.02217
  -0.00576
   0.02175
   0.01811
   0.01063
  -0.00781
  -0.03923
  -0.03514
  -0.00916
  -0.01109
  -0.02629
  -0.02029
   0.00072
   0.00901
  -0.01601
  -0.02513
  -0.02739
  -0.03608
  -0.02797
  -0.00636
  -0.01134
  -0.01179
  -0.01412
  -0.00637
  -0.00096
   0.00178
   0.00266
   0.00207
  -0.01159
  -0.03001
  -0.02870
  -0.01864
  -0.03099
  -0.04777
  -0.03485
  -0.02691
  -0.03294
  -0.04805
  -0.06115
  -0.06402
  -0.05271
  -0.05333
  -0.06541
  -0.07348
  -0.06573
  -0.05456
  -0.05629
  -0.06609
  -0.06017
  -0.04797
  -0.04250
  -0.05571
  -0.07592
  -0.08029
  -0.06739
  -0.04528
  -0.03066
  -0.04919
  -0.06969
  -0.07340
  -0.09445
  -0.10932
  -0.10633
  -0.10786
  -0.09734
  -0.06450
  -0.04395
  -0.05088
  -0.07366
  -0.07778
  -0.06068
  -0.06026
  -0.07366
  -0.07344
  -0.06638
  -0.06790
  -0.06251
  -0.05256
  -0.04696
  -0.04397
  -0.05119
  -0.07105
  -0.07628
  -0.06508
  -0.05384
  -0.04325
  -0.04265
  -0.05945
  -0.06613
  -0.06387
  -0.06471
  -0.04995
  -0.04160
  -0.04036
  -0.03580
  -0.03720
  -0.05605
  -0.05925
  -0.05263
  -0.05653
  -0.07941
  -0.08110
  -0.08784
  -0.10469
  -0.09694
  -0.06657
  -0.06999
  -0.08632
  -0.08269
  -0.05981
  -0.05297
  -0.04582
  -0.03068
  -0.00372
   0.00344
  -0.00173
  -0.01424
  -0.03181
  -0.04494
  -0.04378
  -0.05843
  -0.07163
  -0.08119
  -0.09239
  -0.09281
  -0.07940
  -0.06127
  -0.04549
  -0.03891
  -0.01111
   0.01340
   0.00607
  -0.01460
  -0.03177
  -0.04736
  -0.05445
  -0.06964
  -0.07895
  -0.08784
  -0.08493
  -0.05320
  -0.03776
  -0.05579
  -0.06138
  -0.04149
  -0.01847
  -0.00793
  -0.02380
  -0.04059
  -0.05034
  -0.04879
  -0.03831
  -0.03246
  -0.04324
  -0.06391
  -0.07026
  -0.06262
  -0.05345
  -0.03436
  -0.01202
  -0.01444
  -0.02329
  -0.03205
  -0.05754
  -0.06358
  -0.04685
  -0.03047
  -0.01848
  -0.01887
  -0.03367
  -0.03609
  -0.02568
  -0.01694
  -0.00681
  -0.00913
  -0.02412
  -0.02493
  -0.01289
  -0.00782
  -0.01446
  -0.02427
  -0.03315
  -0.03301
  -0.03094
  -0.04265
  -0.06364
  -0.08625
  -0.09218
  -0.07620
  -0.04402
  -0.03677
  -0.04614
  -0.06106
  -0.05950
  -0.05769
  -0.04389
  -0.03141
  -0.03266
  -0.03288
  -0.02243
  -0.03539
  -0.06928
  -0.06747
  -0.03263
  -0.00456
  -0.01262
  -0.02893
  -0.05150
  -0.05280
  -0.02508
   0.00131
  -0.00613
  -0.02195
  -0.03630
  -0.05381
  -0.08119
  -0.12168
  -0.12071
  -0.07565
  -0.04616
  -0.04189
  -0.03781
  -0.04278
  -0.04143
  -0.04744
  -0.06807
  -0.05454
  -0.03703
  -0.05436
  -0.06035
  -0.04872
  -0.04412
  -0.04726
  -0.06298
  -0.07984
  -0.07203
  -0.06121
  -0.06345
  -0.07457
  -0.08324
  -0.07338
  -0.05256
  -0.05137
  -0.05606
  -0.06090
  -0.05164
  -0.04139
  -0.05649
  -0.07149
  -0.06303
  -0.07094
  -0.07567
  -0.04797
  -0.01816
  -0.01199
  -0.02207
  -0.03304
  -0.03190
  -0.02015
  -0.02614
  -0.04116
  -0.03324
  -0.01171
   0.00290
  -0.00274
  -0.01517
  -0.02491
  -0.03021
  -0.03643
  -0.02302
  -0.00634
  -0.00486
  -0.00718
  -0.00788
  -0.00582
   0.00014
  -0.00035
   0.00337
   0.02338
   0.01614
   0.00100
  -0.00789
  -0.00526
   0.00012
   0.00367
  -0.00548
  -0.01220
  -0.03103
  -0.03727
  -0.02600
  -0.00638
   0.00792
  -0.00157
  -0.03046
  -0.04418
  -0.03392
   0.00296
   0.03731
   0.04205
   0.04004
   0.04537
   0.05794
   0.07526
   0.07931
   0.07997
   0.08638
   0.08897
   0.10003
   0.09711
   0.07945
   0.07082
   0.06659
   0.04736
   0.04609
   0.05027
   0.04860
   0.04493
   0.04406
   0.04488
   0.05289
   0.05963
   0.06437
   0.07998
   0.10615
   0.13293
   0.13556
   0.12277
   0.12519
   0.15016
   0.16467
   0.14579
   0.11476
   0.10310
   0.12286
   0.12475
   0.11768
   0.12258
   0.13755
   0.14922
   0.17392
   0.20905
   0.25466
   0.25231
   0.25866
   0.17442
