   0.14947
   0.17874
   0.20997
   0.28514
   0.34141
   0.43069
   0.55287
   0.72259
   0.92918
   1.18998
   1.54129
   2.03306
   2.75940
   3.82739
   5.21956
   6.86215
   8.35962
  10.19922
  11.98017
  12.15767
  10.73492
   9.37973
   8.67779
   8.03860
   7.58493
   7.22685
   6.97236
   6.74874
   6.53484
   6.31500
   6.05988
   5.80349
   5.57626
   5.33151
   5.04080
   4.75875
   4.50415
   4.22642
   3.93781
   3.68151
   3.46271
   3.24119
   3.00288
   2.76355
   2.53457
   2.32231
   2.13833
   1.96302
   1.76835
   1.57847
   1.41032
   1.24370
   1.06801
   0.89121
   0.71935
   0.55944
   0.39333
   0.23264
   0.08761
  -0.04890
  -0.18348
  -0.31078
  -0.44371
  -0.57355
  -0.68429
  -0.79129
  -0.91209
  -1.03898
  -1.16309
  -1.27430
  -1.37224
  -1.45125
  -1.52171
  -1.60381
  -1.69774
  -1.78372
  -1.86743
  -1.95085
  -2.01904
  -2.09068
  -2.16666
  -2.21790
  -2.25045
  -2.30425
  -2.36228
  -2.42399
  -2.48531
  -2.53434
  -2.57465
  -2.62295
  -2.65679
  -2.67087
  -2.70355
  -2.75987
  -2.80979
  -2.83788
  -2.86145
  -2.88805
  -2.91771
  -2.94484
  -2.96028
  -2.97154
  -2.98239
  -2.99843
  -3.01087
  -3.00933
  -3.01393
  -3.04138
  -3.05876
  -3.06208
  -3.07142
  -3.07549
  -3.06885
  -3.07540
  -3.09504
  -3.10058
  -3.09911
  -3.09027
  -3.07888
  -3.06641
  -3.05601
  -3.05048
  -3.05187
  -3.05273
  -3.04103
  -3.03093
  -3.01855
  -3.00187
  -2.97504
  -2.94346
  -2.91887
  -2.88687
  -2.85634
  -2.85058
  -2.85704
  -2.84713
  -2.84455
  -2.85007
  -2.83588
  -2.79543
  -2.74915
  -2.71060
  -2.68862
  -2.68307
  -2.66845
  -2.64146
  -2.62470
  -2.61815
  -2.58736
  -2.54260
  -2.51482
  -2.49208
  -2.44720
  -2.39972
  -2.36630
  -2.34543
  -2.33911
  -2.34199
  -2.33164
  -2.30444
  -2.28140
  -2.25586
  -2.21940
  -2.18233
  -2.15890
  -2.13125
  -2.09594
  -2.06294
  -2.03745
  -2.00484
  -1.97421
  -1.95004
  -1.92541
  -1.90539
  -1.89672
  -1.88737
  -1.85095
  -1.80627
  -1.75663
  -1.71973
  -1.70299
  -1.68411
  -1.66338
  -1.64123
  -1.60823
  -1.57176
  -1.55202
  -1.52815
  -1.50150
  -1.47996
  -1.45608
  -1.42895
  -1.40902
  -1.38023
  -1.34892
  -1.32346
  -1.29080
  -1.24507
  -1.21009
  -1.21099
  -1.19688
  -1.15765
  -1.12904
  -1.11562
  -1.07642
  -1.02619
  -1.00186
  -0.98214
  -0.95909
  -0.93858
  -0.92738
  -0.91493
  -0.90078
  -0.87698
  -0.84780
  -0.83107
  -0.81612
  -0.79881
  -0.76468
  -0.72404
  -0.69779
  -0.67279
  -0.64449
  -0.62362
  -0.61995
  -0.60672
  -0.57956
  -0.55528
  -0.53989
  -0.53011
  -0.51108
  -0.49285
  -0.46396
  -0.43100
  -0.41370
  -0.40975
  -0.40031
  -0.38800
  -0.37095
  -0.34051
  -0.31241
  -0.30106
  -0.29386
  -0.28859
  -0.26689
  -0.23287
  -0.20938
  -0.18719
  -0.15404
  -0.12770
  -0.11878
  -0.09270
  -0.06479
  -0.05586
  -0.06990
  -0.07716
  -0.06170
  -0.04270
  -0.02843
  -0.02554
  -0.02308
  -0.00427
   0.02414
   0.04112
   0.05037
   0.07678
   0.10403
   0.12166
   0.13761
   0.15843
   0.16621
   0.15707
   0.15149
   0.16139
   0.17783
   0.18868
   0.19629
   0.21106
   0.23353
   0.25198
   0.25943
   0.26363
   0.27715
   0.28043
   0.26741
   0.27047
   0.30063
   0.32882
   0.34157
   0.34526
   0.35155
   0.36742
   0.38883
   0.40862
   0.41952
   0.41655
   0.42066
   0.42759
   0.42725
   0.42869
   0.43526
   0.43084
   0.43211
   0.43562
   0.43360
   0.43810
   0.45238
   0.46155
   0.46853
   0.48103
   0.48515
   0.48345
   0.48727
   0.49244
   0.49798
   0.51551
   0.52949
   0.52339
   0.51791
   0.52423
   0.53232
   0.55402
   0.57615
   0.58706
   0.58961
   0.58422
   0.57686
   0.57149
   0.56402
   0.56424
   0.56948
   0.57709
   0.58501
   0.58641
   0.58576
   0.59169
   0.60131
   0.60028
   0.59457
   0.59487
   0.60463
   0.62279
   0.62443
   0.60895
   0.59575
   0.60477
   0.61698
   0.61911
   0.62517
   0.62517
   0.62358
   0.63124
   0.63859
   0.63705
   0.62981
   0.63070
   0.64095
   0.65131
   0.64160
   0.62624
   0.64097
   0.66346
   0.66624
   0.65621
   0.64477
   0.64474
   0.66009
   0.67787
   0.67923
   0.68319
   0.68771
   0.67716
   0.66462
   0.64877
   0.64884
   0.65298
   0.65961
   0.64712
   0.63284
   0.62634
   0.62452
   0.62311
   0.62935
   0.64298
   0.65685
   0.66498
   0.66601
   0.66698
   0.66989
   0.66993
   0.65745
   0.65074
   0.64524
   0.63275
   0.61672
   0.61827
   0.62744
   0.63542
   0.64533
   0.64065
   0.63428
   0.64456
   0.64991
   0.64574
   0.64973
   0.65950
   0.65616
   0.65457
   0.65835
   0.65504
   0.63343
   0.61392
   0.61949
   0.62392
   0.62235
   0.62354
   0.62845
   0.62148
   0.60833
   0.60286
   0.60329
   0.59875
   0.59172
   0.59393
   0.59657
   0.59860
   0.61148
   0.62031
   0.59977
   0.56391
   0.55097
   0.56755
   0.57731
   0.58825
   0.60033
   0.59717
   0.58211
   0.56846
   0.55336
   0.55074
   0.56633
   0.57113
   0.56835
   0.55582
   0.54178
   0.53463
   0.53887
   0.54920
   0.55793
   0.55371
   0.54216
   0.54277
   0.54541
   0.54055
   0.53357
   0.52892
   0.51593
   0.49379
   0.48799
   0.49992
   0.51671
   0.51863
   0.50842
   0.51515
   0.52325
   0.52346
   0.52049
   0.52270
   0.52049
   0.52036
   0.50266
   0.48336
   0.47699
   0.46963
   0.46606
   0.46938
   0.47029
   0.46220
   0.45473
   0.44344
   0.44278
   0.44130
   0.43693
   0.44872
   0.46109
   0.45072
   0.41976
   0.41176
   0.42053
   0.42898
   0.43767
   0.44235
   0.43795
   0.42014
   0.41003
   0.40420
   0.39398
   0.37513
   0.36700
   0.37211
   0.37223
   0.37360
   0.38465
   0.39438
   0.39112
   0.38077
   0.37972
   0.39082
   0.40139
   0.39993
   0.40111
   0.39147
   0.36976
   0.36858
   0.37642
   0.35988
   0.33221
   0.31476
   0.30530
   0.31937
   0.33346
   0.33823
   0.35027
   0.35350
   0.34127
   0.33148
   0.32082
   0.30031
   0.29936
   0.31785
   0.33129
   0.34322
   0.35034
   0.34312
   0.33035
   0.32078
   0.31462
   0.30544
   0.29060
   0.27290
   0.27389
   0.28019
   0.27723
   0.27614
   0.28125
   0.29121
   0.29018
   0.27086
   0.25313
   0.25317
   0.25356
   0.24210
   0.23744
   0.23398
   0.22452
   0.23372
   0.25941
   0.27173
   0.25749
   0.24211
   0.24143
   0.25868
   0.26788
   0.25679
   0.25454
   0.26276
   0.25896
   0.23328
   0.21184
   0.19942
   0.19070
   0.19502
   0.21141
   0.21440
   0.19935
   0.19053
   0.19489
   0.19653
   0.19422
   0.20078
   0.20953
   0.20671
   0.19690
   0.20407
   0.20823
   0.19690
   0.18194
   0.17675
   0.18098
   0.18519
   0.17799
   0.16085
   0.15838
   0.17218
   0.18368
   0.17752
   0.16007
   0.14237
   0.13244
   0.13858
   0.14973
   0.14226
   0.13644
   0.15010
   0.15776
   0.14822
   0.13809
   0.15017
   0.16442
   0.16015
   0.14425
   0.14720
   0.15891
   0.14288
   0.11759
   0.11185
   0.13498
   0.14855
   0.14461
   0.13871
   0.13109
   0.13070
   0.13724
   0.15055
   0.13734
   0.10678
   0.09253
   0.08292
   0.07424
   0.07673
   0.09553
   0.10498
   0.11159
   0.12605
   0.14236
   0.14733
   0.13197
   0.11415
   0.09781
   0.08375
   0.07657
   0.07670
   0.07941
   0.07880
   0.07087
   0.05915
   0.06119
   0.07279
   0.08242
   0.07216
   0.05585
   0.04759
   0.05407
   0.06646
   0.07282
   0.08290
   0.09387
   0.10676
   0.10682
   0.08464
   0.05567
   0.04981
   0.05501
   0.04600
   0.02804
   0.02404
   0.04158
   0.07020
   0.08929
   0.08753
   0.07360
   0.06020
   0.04613
   0.03461
   0.03639
   0.04105
   0.03749
   0.03349
   0.02991
   0.03918
   0.05047
   0.05162
   0.03256
   0.01073
   0.00752
   0.01999
   0.03375
   0.03180
   0.02216
   0.01465
   0.01595
   0.01042
   0.00325
   0.00745
   0.01613
   0.03046
   0.04929
   0.05450
   0.03065
   0.01596
   0.01599
   0.00500
  -0.00826
  -0.00156
   0.01158
   0.01187
   0.01439
   0.00819
   0.01381
   0.02978
   0.03883
   0.03736
   0.03851
   0.02969
   0.00116
  -0.00410
   0.02007
   0.03992
   0.03055
   0.01606
   0.01719
   0.01661
   0.00581
  -0.00088
   0.01302
   0.02617
   0.02084
   0.00436
  -0.00201
   0.00304
   0.00518
   0.01072
   0.00894
  -0.00681
  -0.01606
  -0.01751
  -0.03667
  -0.06172
  -0.05924
  -0.03167
  -0.01520
  -0.02130
  -0.01140
   0.01178
   0.01557
   0.00032
  -0.00841
  -0.00226
   0.01375
   0.01873
   0.01069
   0.00917
   0.00532
   0.00001
  -0.00090
  -0.00557
  -0.02223
  -0.03318
  -0.03510
  -0.04194
  -0.04205
  -0.02599
  -0.00272
   0.00300
  -0.01019
  -0.02880
  -0.04606
  -0.04622
  -0.03531
  -0.02303
  -0.01924
  -0.01048
  -0.00142
   0.00239
   0.00997
   0.00689
  -0.01389
  -0.02810
  -0.02287
  -0.01304
  -0.01053
  -0.01070
  -0.01630
  -0.01456
   0.00056
  -0.00168
  -0.00754
  -0.00883
  -0.01049
  -0.00932
  -0.01410
  -0.03537
  -0.05362
  -0.04076
  -0.02384
  -0.01203
  -0.00623
  -0.00890
  -0.01538
  -0.02885
  -0.04480
  -0.03860
  -0.01462
   0.00710
  -0.00085
  -0.02484
  -0.03150
  -0.01649
  -0.01048
  -0.03034
  -0.03988
  -0.04078
  -0.02780
  -0.01274
  -0.01372
  -0.03668
  -0.05471
  -0.04287
  -0.01834
  -0.00724
  -0.02432
  -0.03813
  -0.03580
  -0.02212
  -0.01172
  -0.01785
  -0.02367
  -0.01828
  -0.01678
  -0.02812
  -0.04693
  -0.07036
  -0.07283
  -0.05334
  -0.03223
  -0.01531
  -0.00723
  -0.01627
  -0.02466
  -0.02651
  -0.02715
  -0.02535
  -0.02194
  -0.03439
  -0.05516
  -0.05991
  -0.05148
  -0.05280
  -0.05301
  -0.04215
  -0.03385
  -0.03046
  -0.03601
  -0.05011
  -0.05153
  -0.04033
  -0.03645
  -0.03112
  -0.02680
  -0.02778
  -0.02796
  -0.02601
  -0.03062
  -0.03676
  -0.03597
  -0.03533
  -0.04074
  -0.04651
  -0.03597
  -0.02248
  -0.02853
  -0.02739
  -0.01307
  -0.00894
  -0.00720
   0.00014
  -0.00334
  -0.02146
  -0.03760
  -0.04283
  -0.03999
  -0.04177
  -0.05996
  -0.06701
  -0.06180
  -0.06070
  -0.05818
  -0.05646
  -0.06150
  -0.06745
  -0.06231
  -0.05963
  -0.06127
  -0.05930
  -0.05542
  -0.05655
  -0.05881
  -0.04889
  -0.02956
  -0.01311
  -0.01705
  -0.03031
  -0.04247
  -0.05159
  -0.04974
  -0.02103
  -0.00324
  -0.00599
  -0.00908
   0.00086
   0.01326
   0.00712
  -0.00159
   0.00118
   0.00728
  -0.00421
  -0.00998
  -0.00203
   0.01088
   0.01993
   0.02198
   0.01466
   0.00906
   0.00521
  -0.00384
  -0.02476
  -0.03312
  -0.03633
  -0.04480
  -0.02339
   0.01005
   0.01500
   0.00283
   0.00046
   0.00408
   0.01536
   0.02258
   0.01590
   0.01140
   0.01109
   0.00872
   0.01225
   0.01498
   0.00316
  -0.00462
   0.01167
   0.04343
   0.04377
   0.01471
   0.00516
   0.01547
   0.02757
   0.02758
   0.02469
   0.02547
   0.03115
   0.03350
   0.03010
   0.03300
   0.04286
   0.05614
   0.04309
   0.01680
   0.00461
   0.01223
   0.02738
   0.03885
   0.04331
   0.04590
   0.05226
   0.05016
   0.04661
   0.04104
   0.03812
   0.03691
   0.04280
   0.05457
   0.05891
   0.04378
   0.03206
   0.04231
   0.05472
   0.06388
   0.06417
   0.06243
   0.06565
   0.07008
   0.07167
   0.06843
   0.05374
   0.03162
   0.01716
   0.01293
   0.02121
   0.04481
   0.06711
   0.07237
   0.06584
   0.06551
   0.08121
   0.08948
   0.08275
   0.07137
   0.06913
   0.06144
   0.04184
   0.04059
   0.04848
   0.05638
   0.06796
   0.07450
   0.06828
   0.07552
   0.09923
   0.10530
   0.09657
   0.08065
   0.07247
   0.08065
   0.11457
   0.11263
   0.13204
   0.14266
   0.07260
