   0.15236
   0.19261
   0.17093
   0.23157
   0.35976
   0.67907
   1.24612
   2.09457
   3.25203
   4.68611
   6.27120
   7.79976
   9.24342
  10.49410
  12.21714
  13.30913
  12.62766
  11.20479
  10.31377
   9.41511
   8.55184
   7.66494
   6.82467
   6.07234
   5.40919
   4.86159
   4.42166
   4.02254
   3.64456
   3.32960
   3.06767
   2.82609
   2.59806
   2.37400
   2.17433
   1.97930
   1.77835
   1.57410
   1.38201
   1.16478
   0.94080
   0.73015
   0.52789
   0.31846
   0.13557
  -0.02859
  -0.18497
  -0.34809
  -0.49500
  -0.61623
  -0.74575
  -0.88818
  -1.00922
  -1.12231
  -1.23392
  -1.32711
  -1.41630
  -1.50425
  -1.58493
  -1.67048
  -1.75503
  -1.82561
  -1.88554
  -1.94329
  -2.00107
  -2.05047
  -2.08081
  -2.11292
  -2.15859
  -2.20442
  -2.23984
  -2.28517
  -2.33597
  -2.35989
  -2.36970
  -2.39461
  -2.43348
  -2.46041
  -2.48087
  -2.49553
  -2.50575
  -2.50358
  -2.49727
  -2.51289
  -2.53824
  -2.54322
  -2.54473
  -2.54980
  -2.54084
  -2.53581
  -2.52635
  -2.51849
  -2.51510
  -2.50276
  -2.48652
  -2.47993
  -2.46896
  -2.46394
  -2.46154
  -2.45643
  -2.44775
  -2.43244
  -2.40271
  -2.38511
  -2.35261
  -2.30855
  -2.29007
  -2.28842
  -2.26407
  -2.24728
  -2.23658
  -2.22143
  -2.20165
  -2.17547
  -2.14758
  -2.11582
  -2.07710
  -2.05399
  -2.03474
  -2.01141
  -1.98192
  -1.95589
  -1.93282
  -1.91273
  -1.88529
  -1.86501
  -1.85037
  -1.83223
  -1.81348
  -1.80705
  -1.78348
  -1.75043
  -1.72830
  -1.69515
  -1.66116
  -1.63352
  -1.59396
  -1.55024
  -1.51430
  -1.49603
  -1.48067
  -1.44527
  -1.42136
  -1.41181
  -1.38332
  -1.35520
  -1.33578
  -1.30888
  -1.29516
  -1.29066
  -1.27144
  -1.24586
  -1.21385
  -1.18480
  -1.18566
  -1.18462
  -1.15730
  -1.12364
  -1.10756
  -1.09867
  -1.08117
  -1.06039
  -1.03141
  -1.00261
  -0.98640
  -0.98027
  -0.95696
  -0.92881
  -0.91070
  -0.91026
  -0.90271
  -0.87940
  -0.85605
  -0.85222
  -0.84699
  -0.82221
  -0.80728
  -0.78328
  -0.74320
  -0.69858
  -0.67556
  -0.65406
  -0.62717
  -0.60588
  -0.60265
  -0.59113
  -0.57992
  -0.57102
  -0.55351
  -0.53938
  -0.53873
  -0.53852
  -0.51651
  -0.46917
  -0.44423
  -0.43864
  -0.42219
  -0.39907
  -0.38845
  -0.38106
  -0.36063
  -0.32746
  -0.30720
  -0.30406
  -0.30333
  -0.29063
  -0.26735
  -0.26004
  -0.25273
  -0.24092
  -0.21394
  -0.18700
  -0.17147
  -0.15267
  -0.13243
  -0.12180
  -0.09346
  -0.07512
  -0.07334
  -0.07474
  -0.07939
  -0.07730
  -0.05778
  -0.04874
  -0.03554
  -0.02252
  -0.00616
   0.01309
   0.03214
   0.03176
   0.03675
   0.03524
   0.02511
   0.02992
   0.05982
   0.07872
   0.09667
   0.11780
   0.14628
   0.16029
   0.15823
   0.16016
   0.17229
   0.16387
   0.15973
   0.16667
   0.17241
   0.17872
   0.17879
   0.17894
   0.20756
   0.24546
   0.26608
   0.26584
   0.25685
   0.26680
   0.26916
   0.25473
   0.25137
   0.25477
   0.27039
   0.29267
   0.30047
   0.30523
   0.31453
   0.31145
   0.31182
   0.31637
   0.32796
   0.35038
   0.36569
   0.35815
   0.35423
   0.36171
   0.36710
   0.37758
   0.38147
   0.37326
   0.35922
   0.35692
   0.37453
   0.39944
   0.41499
   0.42154
   0.41894
   0.41391
   0.40528
   0.39128
   0.38775
   0.39229
   0.39558
   0.40844
   0.40404
   0.40296
   0.42858
   0.44834
   0.46124
   0.46638
   0.45279
   0.44454
   0.45531
   0.47094
   0.48894
   0.49434
   0.48769
   0.47305
   0.47210
   0.47977
   0.46708
   0.45226
   0.45146
   0.45645
   0.45209
   0.45184
   0.46247
   0.47234
   0.46835
   0.46863
   0.46554
   0.46776
   0.47047
   0.46023
   0.45577
   0.47225
   0.47558
   0.46495
   0.46320
   0.47787
   0.49784
   0.50411
   0.50162
   0.48512
   0.47797
   0.48417
   0.48579
   0.47306
   0.47086
   0.47492
   0.48349
   0.47669
   0.47007
   0.47324
   0.46981
   0.46324
   0.46978
   0.48479
   0.48526
   0.47252
   0.46680
   0.47874
   0.48777
   0.50637
   0.52311
   0.50646
   0.47372
   0.46933
   0.49438
   0.50128
   0.47893
   0.44980
   0.45850
   0.46909
   0.47342
   0.47657
   0.48096
   0.46532
   0.46997
   0.47511
   0.47403
   0.45765
   0.44056
   0.43387
   0.44422
   0.44942
   0.45259
   0.44591
   0.42929
   0.42131
   0.42134
   0.42440
   0.42752
   0.43542
   0.44999
   0.47237
   0.47589
   0.45840
   0.43511
   0.43369
   0.43280
   0.42297
   0.42020
   0.43632
   0.43964
   0.42604
   0.41345
   0.41612
   0.41011
   0.38777
   0.37966
   0.38580
   0.38643
   0.38899
   0.39283
   0.37931
   0.36429
   0.36303
   0.35928
   0.36370
   0.37529
   0.39211
   0.40565
   0.40464
   0.38987
   0.39194
   0.39728
   0.38410
   0.36460
   0.35657
   0.35824
   0.35215
   0.35504
   0.35070
   0.33734
   0.32742
   0.34012
   0.34510
   0.34156
   0.33176
   0.31869
   0.30286
   0.31002
   0.32845
   0.33689
   0.33112
   0.32828
   0.34079
   0.34682
   0.32978
   0.30606
   0.27908
   0.26096
   0.27348
   0.27865
   0.26704
   0.25534
   0.25688
   0.26275
   0.26852
   0.25926
   0.25936
   0.26377
   0.26299
   0.25741
   0.26168
   0.26696
   0.26069
   0.25865
   0.26256
   0.25574
   0.23309
   0.21174
   0.21063
   0.22300
   0.21803
   0.20729
   0.20534
   0.20565
   0.20676
   0.20467
   0.19647
   0.20743
   0.22551
   0.22089
   0.21036
   0.21079
   0.19937
   0.19580
   0.20609
   0.22196
   0.20867
   0.18434
   0.18019
   0.19304
   0.18679
   0.19564
   0.20990
   0.20429
   0.19714
   0.21145
   0.22099
   0.21028
   0.18960
   0.17434
   0.16636
   0.14933
   0.13267
   0.12269
   0.11676
   0.11698
   0.12200
   0.12929
   0.14159
   0.15523
   0.17064
   0.17909
   0.18156
   0.18048
   0.16707
   0.14088
   0.13412
   0.14656
   0.15000
   0.14154
   0.13347
   0.12555
   0.11576
   0.12041
   0.12427
   0.11937
   0.10666
   0.10402
   0.09518
   0.09777
   0.09771
   0.09177
   0.08648
   0.09753
   0.10372
   0.09838
   0.09382
   0.09187
   0.09878
   0.11446
   0.11589
   0.10809
   0.11316
   0.10597
   0.09650
   0.08433
   0.07689
   0.08286
   0.09042
   0.09060
   0.10689
   0.10964
   0.09948
   0.09249
   0.10728
   0.10473
   0.10684
   0.11319
   0.10622
   0.09139
   0.08457
   0.08498
   0.09514
   0.09143
   0.07832
   0.07061
   0.05196
   0.03630
   0.02893
   0.02641
   0.02787
   0.01873
   0.01190
   0.02580
   0.04039
   0.04095
   0.05290
   0.05349
   0.04135
   0.03990
   0.04523
   0.05181
   0.05439
   0.04575
   0.03052
   0.02221
   0.03322
   0.05082
   0.04774
   0.04517
   0.04153
   0.04236
   0.04612
   0.03934
   0.03820
   0.02852
   0.00349
  -0.00381
   0.00837
   0.00795
   0.01291
   0.01683
   0.01917
   0.00909
   0.00580
   0.01176
   0.01547
   0.01675
   0.02176
   0.01951
   0.01800
   0.02565
   0.04304
   0.05365
   0.03455
   0.01968
   0.02128
   0.02823
   0.02459
   0.01461
   0.01692
   0.02656
   0.02022
   0.01507
   0.02347
   0.02163
  -0.00359
  -0.02812
  -0.02338
  -0.00881
   0.00018
   0.00363
   0.01834
   0.03363
   0.03262
   0.02198
   0.01725
   0.00562
  -0.01752
  -0.03352
  -0.02138
  -0.00484
  -0.00969
  -0.02698
  -0.03729
  -0.03805
  -0.02150
  -0.01157
  -0.02412
  -0.02935
  -0.02103
  -0.03036
  -0.04813
  -0.05357
  -0.05791
  -0.05608
  -0.05624
  -0.04915
  -0.04122
  -0.03710
  -0.03680
  -0.03663
  -0.04367
  -0.04454
  -0.05669
  -0.05308
  -0.01694
   0.00631
  -0.00113
  -0.00726
  -0.00800
  -0.01345
  -0.03048
  -0.03123
  -0.01808
  -0.02417
  -0.03927
  -0.04445
  -0.04231
  -0.04377
  -0.04494
  -0.04619
  -0.04101
  -0.03309
  -0.01650
  -0.00978
  -0.01411
  -0.01995
  -0.02435
  -0.03297
  -0.04404
  -0.04134
  -0.03925
  -0.04168
  -0.05658
  -0.05953
  -0.06182
  -0.05295
  -0.04362
  -0.02986
  -0.01615
  -0.01491
  -0.02285
  -0.01861
  -0.02179
  -0.03522
  -0.04247
  -0.04910
  -0.04097
  -0.05334
  -0.08512
  -0.09354
  -0.07107
  -0.06386
  -0.07779
  -0.08821
  -0.07760
  -0.05807
  -0.03280
  -0.02707
  -0.04348
  -0.03968
  -0.02790
  -0.04387
  -0.06568
  -0.06550
  -0.06882
  -0.07643
  -0.08483
  -0.08598
  -0.07616
  -0.06453
  -0.06792
  -0.07132
  -0.06799
  -0.07556
  -0.07497
  -0.05126
  -0.03914
  -0.05299
  -0.06407
  -0.06484
  -0.06343
  -0.07132
  -0.07433
  -0.06592
  -0.07673
  -0.07559
  -0.04837
  -0.04217
  -0.07107
  -0.07630
  -0.06462
  -0.07045
  -0.08816
  -0.08863
  -0.07691
  -0.06903
  -0.06796
  -0.06124
  -0.04889
  -0.04437
  -0.04265
  -0.04804
  -0.05037
  -0.04799
  -0.04672
  -0.06338
  -0.07810
  -0.06936
  -0.05098
  -0.04421
  -0.03913
  -0.03648
  -0.04807
  -0.06388
  -0.07074
  -0.06197
  -0.04307
  -0.02916
  -0.03755
  -0.04535
  -0.04650
  -0.05468
  -0.06700
  -0.06233
  -0.05216
  -0.05951
  -0.07534
  -0.07627
  -0.07197
  -0.06375
  -0.05263
  -0.05922
  -0.07958
  -0.08067
  -0.05946
  -0.04558
  -0.05367
  -0.06401
  -0.07030
  -0.05570
  -0.03783
  -0.03379
  -0.03612
  -0.04060
  -0.05009
  -0.05151
  -0.05314
  -0.05660
  -0.06488
  -0.07729
  -0.07946
  -0.08147
  -0.08115
  -0.07347
  -0.07127
  -0.07482
  -0.07332
  -0.07682
  -0.08307
  -0.07179
  -0.04441
  -0.02180
  -0.00268
  -0.00919
  -0.03909
  -0.05317
  -0.04612
  -0.03314
  -0.02830
  -0.03920
  -0.04169
  -0.03379
  -0.02790
  -0.02599
  -0.03685
  -0.04174
  -0.03950
  -0.04504
  -0.05259
  -0.05580
  -0.04435
  -0.03011
  -0.01896
  -0.01634
  -0.01372
  -0.00800
   0.00704
   0.00797
   0.01122
   0.00320
  -0.02318
  -0.04615
  -0.04679
  -0.05705
  -0.07549
  -0.09751
  -0.11367
  -0.12368
  -0.12374
  -0.09570
  -0.05303
  -0.04255
  -0.03421
  -0.01748
  -0.01614
  -0.01754
  -0.02140
  -0.02904
  -0.04446
  -0.06190
  -0.05809
  -0.03031
  -0.01732
  -0.01792
  -0.03218
  -0.04543
  -0.05110
  -0.04508
  -0.04044
  -0.03453
  -0.03220
  -0.03291
  -0.03572
  -0.03938
  -0.04871
  -0.05771
  -0.05759
  -0.04145
  -0.02629
  -0.03351
  -0.05171
  -0.07609
  -0.08370
  -0.07150
  -0.07344
  -0.07685
  -0.06093
  -0.05219
  -0.05620
  -0.06108
  -0.05445
  -0.04131
  -0.05233
  -0.07257
  -0.07951
  -0.07398
  -0.05710
  -0.04381
  -0.04355
  -0.06464
  -0.09627
  -0.10912
  -0.11007
  -0.10304
  -0.09334
  -0.09047
  -0.08941
  -0.09514
  -0.10848
  -0.10611
  -0.10069
  -0.10525
  -0.11365
  -0.12131
  -0.12174
  -0.10958
  -0.10140
  -0.10272
  -0.10721
  -0.10993
  -0.10389
  -0.08176
  -0.06871
  -0.05922
  -0.05532
  -0.05517
  -0.05007
  -0.03760
  -0.02763
  -0.03569
  -0.06010
  -0.07096
  -0.06638
  -0.07040
  -0.07637
  -0.07508
  -0.06323
  -0.06492
  -0.07091
  -0.06743
  -0.07155
  -0.07584
  -0.06826
  -0.04631
  -0.01698
   0.00380
  -0.01198
  -0.02446
  -0.02127
  -0.01106
  -0.00504
  -0.00096
  -0.01261
  -0.03463
  -0.04476
  -0.04136
  -0.03425
  -0.02865
  -0.01976
   0.00200
   0.00647
  -0.00746
  -0.02141
  -0.02570
  -0.02585
  -0.01733
  -0.01036
   0.01371
   0.02369
   0.02393
   0.02858
   0.04362
   0.05245
   0.04828
   0.04580
   0.04443
   0.03377
   0.04011
   0.04638
   0.02619
   0.01834
   0.04342
   0.06391
   0.06319
   0.07630
   0.10341
   0.10892
   0.09894
   0.09601
   0.10172
   0.10493
   0.09197
   0.08279
   0.08157
   0.07519
   0.07553
   0.08240
   0.08877
   0.08963
   0.08747
   0.10316
   0.13631
   0.15175
   0.15340
   0.15807
   0.17093
   0.18718
   0.20784
   0.22103
   0.23487
   0.24701
   0.25062
   0.25434
   0.27055
   0.28584
   0.28322
   0.25735
   0.28535
   0.20144
